 Eps N1  
    Times       ex          ey          ez          ex_th       ey_th       ez_th       ux(N1)      uy(N1)      uz(N1)  
 0.1000E-14  0.3592E-03  0.3592E-03 -0.9770E-03  0.0000E+00  0.0000E+00  0.0000E+00  0.12575784E-03  0.34134271E-04 -0.34177647E-03
 0.1000E-13  0.3873E-03  0.3873E-03 -0.1033E-02  0.0000E+00  0.0000E+00  0.0000E+00  0.13558823E-03  0.36802518E-04 -0.36140997E-03
 0.1000E-12  0.4175E-03  0.4175E-03 -0.1094E-02  0.0000E+00  0.0000E+00  0.0000E+00  0.14615898E-03  0.39671723E-04 -0.38252051E-03
 0.1000E-11  0.4581E-03  0.4581E-03 -0.1175E-02  0.0000E+00  0.0000E+00  0.0000E+00  0.16035511E-03  0.43524958E-04 -0.41086817E-03
 0.1000E-10  0.5018E-03  0.5018E-03 -0.1262E-02  0.0000E+00  0.0000E+00  0.0000E+00  0.17566802E-03  0.47681321E-04 -0.44144204E-03
 0.1000E-09  0.5560E-03  0.5560E-03 -0.1370E-02  0.0000E+00  0.0000E+00  0.0000E+00  0.19464271E-03  0.52831593E-04 -0.47932146E-03
 0.1000E-08  0.6206E-03  0.6206E-03 -0.1500E-02  0.0000E+00  0.0000E+00  0.0000E+00  0.21726002E-03  0.58970576E-04 -0.52446464E-03
 0.1000E-07  0.7110E-03  0.7110E-03 -0.1681E-02  0.0000E+00  0.0000E+00  0.0000E+00  0.24895153E-03  0.67572558E-04 -0.58770485E-03
 0.1000E-06  0.8643E-03  0.8643E-03 -0.1987E-02  0.0000E+00  0.0000E+00  0.0000E+00  0.30263092E-03  0.82142678E-04 -0.69478256E-03
 0.1000E-05  0.1089E-02  0.1089E-02 -0.2436E-02  0.0000E+00  0.0000E+00  0.0000E+00  0.38132028E-03  0.10350122E-03 -0.85166033E-03
 0.1000E-04  0.1583E-02  0.1583E-02 -0.3424E-02  0.0000E+00  0.0000E+00  0.0000E+00  0.55448028E-03  0.15050179E-03 -0.11965061E-02
 0.1000E-03  0.2600E-02  0.2600E-02 -0.5459E-02  0.0000E+00  0.0000E+00  0.0000E+00  0.91123618E-03  0.24733553E-03 -0.19053724E-02
 0.1000E-02  0.4802E-02  0.4802E-02 -0.9863E-02  0.0000E+00  0.0000E+00  0.0000E+00  0.16848295E-02  0.45731086E-03 -0.34350847E-02
 0.1000E-01  0.9080E-02  0.9080E-02 -0.1842E-01  0.0000E+00  0.0000E+00  0.0000E+00  0.31925148E-02  0.86653974E-03 -0.63875812E-02
 0.1000E+00  0.1709E-01  0.1709E-01 -0.3443E-01  0.0000E+00  0.0000E+00  0.0000E+00  0.60318276E-02  0.16372104E-02 -0.11846402E-01
 0.1000E+01  0.2735E-01  0.2735E-01 -0.5496E-01  0.0000E+00  0.0000E+00  0.0000E+00  0.97048918E-02  0.26341849E-02 -0.18717374E-01
 0.1000E+02  0.3069E-01  0.3069E-01 -0.6164E-01  0.0000E+00  0.0000E+00  0.0000E+00  0.10908289E-01  0.29608213E-02 -0.20922815E-01
 0.1000E+03  0.3454E-01  0.3454E-01 -0.6934E-01  0.0000E+00  0.0000E+00  0.0000E+00  0.12300306E-01  0.33386545E-02 -0.23446706E-01
 0.1000E+04  0.3476E-01  0.3476E-01 -0.6978E-01  0.0000E+00  0.0000E+00  0.0000E+00  0.12380592E-01  0.33604464E-02 -0.23591369E-01
 0.1000E+05  0.3476E-01  0.3476E-01 -0.6978E-01  0.0000E+00  0.0000E+00  0.0000E+00  0.12380561E-01  0.33604381E-02 -0.23591321E-01
 0.1000E+06  0.3476E-01  0.3476E-01 -0.6978E-01  0.0000E+00  0.0000E+00  0.0000E+00  0.12380561E-01  0.33604381E-02 -0.23591321E-01
 0.1000E+07  0.3476E-01  0.3476E-01 -0.6978E-01  0.0000E+00  0.0000E+00  0.0000E+00  0.12380561E-01  0.33604381E-02 -0.23591321E-01
 0.1000E+08  0.3476E-01  0.3476E-01 -0.6978E-01  0.0000E+00  0.0000E+00  0.0000E+00  0.12380561E-01  0.33604381E-02 -0.23591321E-01
 0.1000E+09  0.3476E-01  0.3476E-01 -0.6978E-01  0.0000E+00  0.0000E+00  0.0000E+00  0.12380561E-01  0.33604381E-02 -0.23591321E-01
 0.1000E+10  0.3476E-01  0.3476E-01 -0.6978E-01  0.0000E+00  0.0000E+00  0.0000E+00  0.12380561E-01  0.33604381E-02 -0.23591321E-01
 0.1000E+11  0.3476E-01  0.3476E-01 -0.6978E-01  0.0000E+00  0.0000E+00  0.0000E+00  0.12380561E-01  0.33604381E-02 -0.23591321E-01
 0.1000E+12  0.3476E-01  0.3476E-01 -0.6978E-01  0.0000E+00  0.0000E+00  0.0000E+00  0.12380561E-01  0.33604381E-02 -0.23591321E-01
 0.1000E+13  0.3476E-01  0.3476E-01 -0.6978E-01  0.0000E+00  0.0000E+00  0.0000E+00  0.12380561E-01  0.33604381E-02 -0.23591321E-01
 0.1000E+14  0.3476E-01  0.3476E-01 -0.6978E-01  0.0000E+00  0.0000E+00  0.0000E+00  0.12380561E-01  0.33604381E-02 -0.23591321E-01
 0.1000E+15  0.3476E-01  0.3476E-01 -0.6978E-01  0.0000E+00  0.0000E+00  0.0000E+00  0.12380561E-01  0.33604381E-02 -0.23591321E-01
 0.1000E+16  0.3476E-01  0.3476E-01 -0.6978E-01  0.0000E+00  0.0000E+00  0.0000E+00  0.12380561E-01  0.33604381E-02 -0.23591321E-01
