 Eps N1  
    Times       ex          ey          ez          ex_th       ey_th       ez_th       ux(N1)      uy(N1)      uz(N1)  
 0.1000E-14  0.3022E-03  0.3022E-03 -0.8628E-03  0.0000E+00  0.0000E+00  0.0000E+00  0.10577279E-03  0.28709757E-04 -0.30185626E-03
 0.1000E-13  0.3022E-03  0.3022E-03 -0.8628E-03  0.0000E+00  0.0000E+00  0.0000E+00  0.10577281E-03  0.28709763E-04 -0.30185617E-03
 0.1000E-12  0.3022E-03  0.3022E-03 -0.8628E-03  0.0000E+00  0.0000E+00  0.0000E+00  0.10577281E-03  0.28709763E-04 -0.30185617E-03
 0.1000E-11  0.3022E-03  0.3022E-03 -0.8628E-03  0.0000E+00  0.0000E+00  0.0000E+00  0.10577282E-03  0.28709764E-04 -0.30185618E-03
 0.1000E-10  0.3022E-03  0.3022E-03 -0.8628E-03  0.0000E+00  0.0000E+00  0.0000E+00  0.10577284E-03  0.28709770E-04 -0.30185622E-03
 0.1000E-09  0.3022E-03  0.3022E-03 -0.8628E-03  0.0000E+00  0.0000E+00  0.0000E+00  0.10577305E-03  0.28709828E-04 -0.30185665E-03
 0.1000E-08  0.3022E-03  0.3022E-03 -0.8628E-03  0.0000E+00  0.0000E+00  0.0000E+00  0.10577519E-03  0.28710409E-04 -0.30186093E-03
 0.1000E-07  0.3022E-03  0.3022E-03 -0.8630E-03  0.0000E+00  0.0000E+00  0.0000E+00  0.10579652E-03  0.28716198E-04 -0.30190352E-03
 0.1000E-06  0.3028E-03  0.3028E-03 -0.8641E-03  0.0000E+00  0.0000E+00  0.0000E+00  0.10600093E-03  0.28771681E-04 -0.30231172E-03
 0.1000E-05  0.3069E-03  0.3069E-03 -0.8723E-03  0.0000E+00  0.0000E+00  0.0000E+00  0.10742656E-03  0.29158638E-04 -0.30515872E-03
 0.1000E-04  0.3197E-03  0.3197E-03 -0.8978E-03  0.0000E+00  0.0000E+00  0.0000E+00  0.11189876E-03  0.30372521E-04 -0.31409027E-03
 0.1000E-03  0.3339E-03  0.3339E-03 -0.9263E-03  0.0000E+00  0.0000E+00  0.0000E+00  0.11687915E-03  0.31724341E-04 -0.32403837E-03
 0.1000E-02  0.3512E-03  0.3512E-03 -0.9610E-03  0.0000E+00  0.0000E+00  0.0000E+00  0.12295630E-03  0.33373852E-04 -0.33617634E-03
 0.1000E-01  0.3731E-03  0.3731E-03 -0.1005E-02  0.0000E+00  0.0000E+00  0.0000E+00  0.13060998E-03  0.35451280E-04 -0.35146216E-03
 0.1000E+00  0.3976E-03  0.3976E-03 -0.1054E-02  0.0000E+00  0.0000E+00  0.0000E+00  0.13918412E-03  0.37778548E-04 -0.36858566E-03
 0.1000E+01  0.4310E-03  0.4310E-03 -0.1121E-02  0.0000E+00  0.0000E+00  0.0000E+00  0.15089458E-03  0.40957100E-04 -0.39197721E-03
 0.1000E+02  0.4730E-03  0.4730E-03 -0.1204E-02  0.0000E+00  0.0000E+00  0.0000E+00  0.16559001E-03  0.44945860E-04 -0.42132066E-03
 0.1000E+03  0.5198E-03  0.5198E-03 -0.1298E-02  0.0000E+00  0.0000E+00  0.0000E+00  0.18197499E-03  0.49393211E-04 -0.45403339E-03
 0.1000E+04  0.5780E-03  0.5780E-03 -0.1414E-02  0.0000E+00  0.0000E+00  0.0000E+00  0.20234808E-03  0.54923051E-04 -0.49470203E-03
 0.1000E+05  0.6498E-03  0.6498E-03 -0.1558E-02  0.0000E+00  0.0000E+00  0.0000E+00  0.22749630E-03  0.61748995E-04 -0.54489294E-03
 0.1000E+06  0.7593E-03  0.7593E-03 -0.1777E-02  0.0000E+00  0.0000E+00  0.0000E+00  0.26584236E-03  0.72157213E-04 -0.62140338E-03
 0.1000E+07  0.9420E-03  0.9420E-03 -0.2142E-02  0.0000E+00  0.0000E+00  0.0000E+00  0.32985053E-03  0.89530858E-04 -0.74906045E-03
 0.1000E+08  0.1249E-02  0.1249E-02 -0.2757E-02  0.0000E+00  0.0000E+00  0.0000E+00  0.43743496E-03  0.11873235E-03 -0.96346792E-03
 0.1000E+09  0.1873E-02  0.1873E-02 -0.4005E-02  0.0000E+00  0.0000E+00  0.0000E+00  0.65633461E-03  0.17814796E-03 -0.13991091E-02
 0.1000E+10  0.3223E-02  0.3223E-02 -0.6704E-02  0.0000E+00  0.0000E+00  0.0000E+00  0.11298287E-02  0.30666779E-03 -0.23386443E-02
 0.1000E+11  0.6076E-02  0.6076E-02 -0.1241E-01  0.0000E+00  0.0000E+00  0.0000E+00  0.21329568E-02  0.57894543E-03 -0.43166110E-02
 0.1000E+12  0.1151E-01  0.1151E-01 -0.2328E-01  0.0000E+00  0.0000E+00  0.0000E+00  0.40515593E-02  0.10997090E-02 -0.80530164E-02
 0.1000E+13  0.2098E-01  0.2098E-01 -0.4222E-01  0.0000E+00  0.0000E+00  0.0000E+00  0.74212726E-02  0.20143454E-02 -0.14470488E-01
 0.1000E+14  0.2914E-01  0.2914E-01 -0.5854E-01  0.0000E+00  0.0000E+00  0.0000E+00  0.10348760E-01  0.28089492E-02 -0.19900109E-01
 0.1000E+15  0.3230E-01  0.3230E-01 -0.6485E-01  0.0000E+00  0.0000E+00  0.0000E+00  0.11488770E-01  0.31183805E-02 -0.21978816E-01
 0.1000E+16  0.3476E-01  0.3476E-01 -0.6977E-01  0.0000E+00  0.0000E+00  0.0000E+00  0.12378674E-01  0.33599258E-02 -0.23587900E-01
