 Eps N1  
    Times       ex          ey          ez          ex_th       ey_th       ez_th       ux(N1)      uy(N1)      uz(N1)  
 0.1000E-14  0.3022E-03  0.3022E-03 -0.8628E-03  0.0000E+00  0.0000E+00  0.0000E+00  0.10577279E-03  0.28709757E-04 -0.30185626E-03
 0.1000E-13  0.3022E-03  0.3022E-03 -0.8628E-03  0.0000E+00  0.0000E+00  0.0000E+00  0.10577281E-03  0.28709763E-04 -0.30185617E-03
 0.1000E-12  0.3022E-03  0.3022E-03 -0.8628E-03  0.0000E+00  0.0000E+00  0.0000E+00  0.10577281E-03  0.28709763E-04 -0.30185617E-03
 0.1000E-11  0.3022E-03  0.3022E-03 -0.8628E-03  0.0000E+00  0.0000E+00  0.0000E+00  0.10577281E-03  0.28709763E-04 -0.30185617E-03
 0.1000E-10  0.3022E-03  0.3022E-03 -0.8628E-03  0.0000E+00  0.0000E+00  0.0000E+00  0.10577281E-03  0.28709763E-04 -0.30185617E-03
 0.1000E-09  0.3022E-03  0.3022E-03 -0.8628E-03  0.0000E+00  0.0000E+00  0.0000E+00  0.10577281E-03  0.28709763E-04 -0.30185617E-03
 0.1000E-08  0.3022E-03  0.3022E-03 -0.8628E-03  0.0000E+00  0.0000E+00  0.0000E+00  0.10577281E-03  0.28709763E-04 -0.30185617E-03
 0.1000E-07  0.3022E-03  0.3022E-03 -0.8628E-03  0.0000E+00  0.0000E+00  0.0000E+00  0.10577281E-03  0.28709763E-04 -0.30185617E-03
 0.1000E-06  0.3022E-03  0.3022E-03 -0.8628E-03  0.0000E+00  0.0000E+00  0.0000E+00  0.10577281E-03  0.28709763E-04 -0.30185617E-03
 0.1000E-05  0.3022E-03  0.3022E-03 -0.8628E-03  0.0000E+00  0.0000E+00  0.0000E+00  0.10577281E-03  0.28709764E-04 -0.30185617E-03
 0.1000E-04  0.3022E-03  0.3022E-03 -0.8628E-03  0.0000E+00  0.0000E+00  0.0000E+00  0.10577282E-03  0.28709764E-04 -0.30185618E-03
 0.1000E-03  0.3022E-03  0.3022E-03 -0.8628E-03  0.0000E+00  0.0000E+00  0.0000E+00  0.10577285E-03  0.28709773E-04 -0.30185624E-03
 0.1000E-02  0.3022E-03  0.3022E-03 -0.8628E-03  0.0000E+00  0.0000E+00  0.0000E+00  0.10577315E-03  0.28709854E-04 -0.30185684E-03
 0.1000E-01  0.3022E-03  0.3022E-03 -0.8628E-03  0.0000E+00  0.0000E+00  0.0000E+00  0.10577616E-03  0.28710672E-04 -0.30186286E-03
 0.1000E+00  0.3023E-03  0.3023E-03 -0.8630E-03  0.0000E+00  0.0000E+00  0.0000E+00  0.10580609E-03  0.28718795E-04 -0.30192263E-03
 0.1000E+01  0.3031E-03  0.3031E-03 -0.8646E-03  0.0000E+00  0.0000E+00  0.0000E+00  0.10608818E-03  0.28795363E-04 -0.30248596E-03
 0.1000E+02  0.3081E-03  0.3081E-03 -0.8747E-03  0.0000E+00  0.0000E+00  0.0000E+00  0.10785033E-03  0.29273662E-04 -0.30600502E-03
 0.1000E+03  0.3224E-03  0.3224E-03 -0.9033E-03  0.0000E+00  0.0000E+00  0.0000E+00  0.11286804E-03  0.30635610E-04 -0.31602610E-03
 0.1000E+04  0.3360E-03  0.3360E-03 -0.9306E-03  0.0000E+00  0.0000E+00  0.0000E+00  0.11763519E-03  0.31929550E-04 -0.32554867E-03
 0.1000E+05  0.3549E-03  0.3549E-03 -0.9682E-03  0.0000E+00  0.0000E+00  0.0000E+00  0.12422976E-03  0.33719507E-04 -0.33871959E-03
 0.1000E+06  0.3766E-03  0.3766E-03 -0.1012E-02  0.0000E+00  0.0000E+00  0.0000E+00  0.13184134E-03  0.35785508E-04 -0.35392151E-03
 0.1000E+07  0.4021E-03  0.4021E-03 -0.1063E-02  0.0000E+00  0.0000E+00  0.0000E+00  0.14077812E-03  0.38211204E-04 -0.37176880E-03
 0.1000E+08  0.4372E-03  0.4372E-03 -0.1133E-02  0.0000E+00  0.0000E+00  0.0000E+00  0.15306893E-03  0.41547281E-04 -0.39631913E-03
 0.1000E+09  0.4793E-03  0.4793E-03 -0.1217E-02  0.0000E+00  0.0000E+00  0.0000E+00  0.16779444E-03  0.45544204E-04 -0.42572208E-03
 0.1000E+10  0.5275E-03  0.5275E-03 -0.1314E-02  0.0000E+00  0.0000E+00  0.0000E+00  0.18468216E-03  0.50128014E-04 -0.45943784E-03
 0.1000E+11  0.5868E-03  0.5868E-03 -0.1432E-02  0.0000E+00  0.0000E+00  0.0000E+00  0.20542694E-03  0.55758741E-04 -0.50084741E-03
 0.1000E+12  0.6618E-03  0.6618E-03 -0.1582E-02  0.0000E+00  0.0000E+00  0.0000E+00  0.23171520E-03  0.62894127E-04 -0.55331199E-03
 0.1000E+13  0.7798E-03  0.7798E-03 -0.1818E-02  0.0000E+00  0.0000E+00  0.0000E+00  0.27301914E-03  0.74105195E-04 -0.63572013E-03
 0.1000E+14  0.9700E-03  0.9700E-03 -0.2198E-02  0.0000E+00  0.0000E+00  0.0000E+00  0.33966274E-03  0.92194172E-04 -0.76862362E-03
 0.1000E+15  0.1322E-02  0.1322E-02 -0.2903E-02  0.0000E+00  0.0000E+00  0.0000E+00  0.46312167E-03  0.12570445E-03 -0.10146304E-02
 0.1000E+16  0.2021E-02  0.2021E-02 -0.4300E-02  0.0000E+00  0.0000E+00  0.0000E+00  0.70795524E-03  0.19215928E-03 -0.15017226E-02
