 Eps N1  
    Times       ex          ey          ez          ex_th       ey_th       ez_th       ux(N1)      uy(N1)      uz(N1)  
 0.1000E-14  0.3022E-03  0.3022E-03 -0.8628E-03  0.0000E+00  0.0000E+00  0.0000E+00  0.10577279E-03  0.28709757E-04 -0.30185626E-03
 0.1000E-13  0.3022E-03  0.3022E-03 -0.8628E-03  0.0000E+00  0.0000E+00  0.0000E+00  0.10577281E-03  0.28709763E-04 -0.30185617E-03
 0.1000E-12  0.3022E-03  0.3022E-03 -0.8628E-03  0.0000E+00  0.0000E+00  0.0000E+00  0.10577281E-03  0.28709763E-04 -0.30185617E-03
 0.1000E-11  0.3022E-03  0.3022E-03 -0.8628E-03  0.0000E+00  0.0000E+00  0.0000E+00  0.10577281E-03  0.28709763E-04 -0.30185617E-03
 0.1000E-10  0.3022E-03  0.3022E-03 -0.8628E-03  0.0000E+00  0.0000E+00  0.0000E+00  0.10577281E-03  0.28709763E-04 -0.30185617E-03
 0.1000E-09  0.3022E-03  0.3022E-03 -0.8628E-03  0.0000E+00  0.0000E+00  0.0000E+00  0.10577281E-03  0.28709763E-04 -0.30185617E-03
 0.1000E-08  0.3022E-03  0.3022E-03 -0.8628E-03  0.0000E+00  0.0000E+00  0.0000E+00  0.10577281E-03  0.28709763E-04 -0.30185617E-03
 0.1000E-07  0.3022E-03  0.3022E-03 -0.8628E-03  0.0000E+00  0.0000E+00  0.0000E+00  0.10577281E-03  0.28709763E-04 -0.30185617E-03
 0.1000E-06  0.3022E-03  0.3022E-03 -0.8628E-03  0.0000E+00  0.0000E+00  0.0000E+00  0.10577281E-03  0.28709763E-04 -0.30185617E-03
 0.1000E-05  0.3022E-03  0.3022E-03 -0.8628E-03  0.0000E+00  0.0000E+00  0.0000E+00  0.10577281E-03  0.28709763E-04 -0.30185617E-03
 0.1000E-04  0.3022E-03  0.3022E-03 -0.8628E-03  0.0000E+00  0.0000E+00  0.0000E+00  0.10577281E-03  0.28709764E-04 -0.30185617E-03
 0.1000E-03  0.3022E-03  0.3022E-03 -0.8628E-03  0.0000E+00  0.0000E+00  0.0000E+00  0.10577282E-03  0.28709764E-04 -0.30185618E-03
 0.1000E-02  0.3022E-03  0.3022E-03 -0.8628E-03  0.0000E+00  0.0000E+00  0.0000E+00  0.10577284E-03  0.28709771E-04 -0.30185623E-03
 0.1000E-01  0.3022E-03  0.3022E-03 -0.8628E-03  0.0000E+00  0.0000E+00  0.0000E+00  0.10577309E-03  0.28709839E-04 -0.30185673E-03
 0.1000E+00  0.3022E-03  0.3022E-03 -0.8628E-03  0.0000E+00  0.0000E+00  0.0000E+00  0.10577559E-03  0.28710519E-04 -0.30186173E-03
 0.1000E+01  0.3022E-03  0.3022E-03 -0.8630E-03  0.0000E+00  0.0000E+00  0.0000E+00  0.10580050E-03  0.28717280E-04 -0.30191147E-03
 0.1000E+02  0.3029E-03  0.3029E-03 -0.8643E-03  0.0000E+00  0.0000E+00  0.0000E+00  0.10603759E-03  0.28781631E-04 -0.30238492E-03
 0.1000E+03  0.3074E-03  0.3074E-03 -0.8733E-03  0.0000E+00  0.0000E+00  0.0000E+00  0.10761347E-03  0.29209372E-04 -0.30553199E-03
 0.1000E+04  0.3209E-03  0.3209E-03 -0.9004E-03  0.0000E+00  0.0000E+00  0.0000E+00  0.11234558E-03  0.30493800E-04 -0.31498264E-03
 0.1000E+05  0.3349E-03  0.3349E-03 -0.9282E-03  0.0000E+00  0.0000E+00  0.0000E+00  0.11721784E-03  0.31816272E-04 -0.32471498E-03
 0.1000E+06  0.3529E-03  0.3529E-03 -0.9642E-03  0.0000E+00  0.0000E+00  0.0000E+00  0.12353113E-03  0.33529878E-04 -0.33732435E-03
 0.1000E+07  0.3747E-03  0.3747E-03 -0.1008E-02  0.0000E+00  0.0000E+00  0.0000E+00  0.13116028E-03  0.35600648E-04 -0.35256126E-03
 0.1000E+08  0.3996E-03  0.3996E-03 -0.1058E-02  0.0000E+00  0.0000E+00  0.0000E+00  0.13989136E-03  0.37970511E-04 -0.36999798E-03
 0.1000E+09  0.4338E-03  0.4338E-03 -0.1126E-02  0.0000E+00  0.0000E+00  0.0000E+00  0.15185835E-03  0.41218694E-04 -0.39390175E-03
 0.1000E+10  0.4758E-03  0.4758E-03 -0.1210E-02  0.0000E+00  0.0000E+00  0.0000E+00  0.16656617E-03  0.45210817E-04 -0.42326970E-03
 0.1000E+11  0.5232E-03  0.5232E-03 -0.1305E-02  0.0000E+00  0.0000E+00  0.0000E+00  0.18317068E-03  0.49717755E-04 -0.45642042E-03
 0.1000E+12  0.5819E-03  0.5819E-03 -0.1422E-02  0.0000E+00  0.0000E+00  0.0000E+00  0.20371234E-03  0.55293349E-04 -0.49742510E-03
 0.1000E+13  0.6551E-03  0.6551E-03 -0.1569E-02  0.0000E+00  0.0000E+00  0.0000E+00  0.22935997E-03  0.62254849E-04 -0.54861204E-03
 0.1000E+14  0.7683E-03  0.7683E-03 -0.1795E-02  0.0000E+00  0.0000E+00  0.0000E+00  0.26901289E-03  0.73017785E-04 -0.62772829E-03
 0.1000E+15  0.9546E-03  0.9546E-03 -0.2168E-02  0.0000E+00  0.0000E+00  0.0000E+00  0.33428581E-03  0.90734720E-04 -0.75790353E-03
 0.1000E+16  0.1282E-02  0.1282E-02 -0.2822E-02  0.0000E+00  0.0000E+00  0.0000E+00  0.44892131E-03  0.12185007E-03 -0.98634768E-03
