 Eps N1  
    Times       ex          ey          ez          ex_th       ey_th       ez_th       ux(N1)      uy(N1)      uz(N1)  
 0.1000E-14  0.3022E-03  0.3022E-03 -0.8628E-03  0.0000E+00  0.0000E+00  0.0000E+00  0.10577707E-03  0.28710918E-04 -0.30186481E-03
 0.1000E-13  0.3024E-03  0.3024E-03 -0.8633E-03  0.0000E+00  0.0000E+00  0.0000E+00  0.10585297E-03  0.28731520E-04 -0.30201624E-03
 0.1000E-12  0.3043E-03  0.3043E-03 -0.8670E-03  0.0000E+00  0.0000E+00  0.0000E+00  0.10650885E-03  0.28909544E-04 -0.30332602E-03
 0.1000E-11  0.3124E-03  0.3124E-03 -0.8833E-03  0.0000E+00  0.0000E+00  0.0000E+00  0.10936079E-03  0.29683644E-04 -0.30902156E-03
 0.1000E-10  0.3285E-03  0.3285E-03 -0.9156E-03  0.0000E+00  0.0000E+00  0.0000E+00  0.11500838E-03  0.31216561E-04 -0.32030109E-03
 0.1000E-09  0.3424E-03  0.3424E-03 -0.9434E-03  0.0000E+00  0.0000E+00  0.0000E+00  0.11987734E-03  0.32538134E-04 -0.33002719E-03
 0.1000E-08  0.3643E-03  0.3643E-03 -0.9870E-03  0.0000E+00  0.0000E+00  0.0000E+00  0.12752156E-03  0.34612996E-04 -0.34529376E-03
 0.1000E-07  0.3867E-03  0.3867E-03 -0.1032E-02  0.0000E+00  0.0000E+00  0.0000E+00  0.13535869E-03  0.36740217E-04 -0.36094620E-03
 0.1000E-06  0.4159E-03  0.4159E-03 -0.1090E-02  0.0000E+00  0.0000E+00  0.0000E+00  0.14558659E-03  0.39516359E-04 -0.38137744E-03
 0.1000E-05  0.4559E-03  0.4559E-03 -0.1170E-02  0.0000E+00  0.0000E+00  0.0000E+00  0.15958940E-03  0.43317123E-04 -0.40933924E-03
 0.1000E-04  0.4993E-03  0.4993E-03 -0.1257E-02  0.0000E+00  0.0000E+00  0.0000E+00  0.17478156E-03  0.47440710E-04 -0.43967223E-03
 0.1000E-03  0.5527E-03  0.5527E-03 -0.1364E-02  0.0000E+00  0.0000E+00  0.0000E+00  0.19350446E-03  0.52522639E-04 -0.47704932E-03
 0.1000E-02  0.6165E-03  0.6165E-03 -0.1491E-02  0.0000E+00  0.0000E+00  0.0000E+00  0.21583023E-03  0.58582491E-04 -0.52161110E-03
 0.1000E-01  0.7047E-03  0.7047E-03 -0.1668E-02  0.0000E+00  0.0000E+00  0.0000E+00  0.24674244E-03  0.66972947E-04 -0.58329716E-03
 0.1000E+00  0.8534E-03  0.8534E-03 -0.1965E-02  0.0000E+00  0.0000E+00  0.0000E+00  0.29881591E-03  0.81107175E-04 -0.68717413E-03
 0.1000E+01  0.1072E-02  0.1072E-02 -0.2402E-02  0.0000E+00  0.0000E+00  0.0000E+00  0.37525759E-03  0.10185563E-03 -0.83957730E-03
 0.1000E+02  0.1551E-02  0.1551E-02 -0.3360E-02  0.0000E+00  0.0000E+00  0.0000E+00  0.54323458E-03  0.14744938E-03 -0.11741260E-02
 0.1000E+03  0.2528E-02  0.2528E-02 -0.5314E-02  0.0000E+00  0.0000E+00  0.0000E+00  0.88581860E-03  0.24043648E-03 -0.18549397E-02
 0.1000E+04  0.4642E-02  0.4642E-02 -0.9543E-02  0.0000E+00  0.0000E+00  0.0000E+00  0.16285038E-02  0.44202245E-03 -0.33240460E-02
 0.1000E+05  0.8773E-02  0.8773E-02 -0.1780E-01  0.0000E+00  0.0000E+00  0.0000E+00  0.30839862E-02  0.83708198E-03 -0.61763115E-02
 0.1000E+06  0.1654E-01  0.1654E-01 -0.3334E-01  0.0000E+00  0.0000E+00  0.0000E+00  0.58371308E-02  0.15843641E-02 -0.11476245E-01
 0.1000E+07  0.2691E-01  0.2691E-01 -0.5407E-01  0.0000E+00  0.0000E+00  0.0000E+00  0.95449569E-02  0.25907740E-02 -0.18422582E-01
 0.1000E+08  0.3052E-01  0.3052E-01 -0.6129E-01  0.0000E+00  0.0000E+00  0.0000E+00  0.10845596E-01  0.29438046E-02 -0.20808457E-01
 0.1000E+09  0.3445E-01  0.3445E-01 -0.6916E-01  0.0000E+00  0.0000E+00  0.0000E+00  0.12267460E-01  0.33297390E-02 -0.23387486E-01
 0.1000E+10  0.3476E-01  0.3476E-01 -0.6978E-01  0.0000E+00  0.0000E+00  0.0000E+00  0.12380609E-01  0.33604511E-02 -0.23591423E-01
 0.1000E+11  0.3476E-01  0.3476E-01 -0.6978E-01  0.0000E+00  0.0000E+00  0.0000E+00  0.12380562E-01  0.33604381E-02 -0.23591320E-01
 0.1000E+12  0.3476E-01  0.3476E-01 -0.6978E-01  0.0000E+00  0.0000E+00  0.0000E+00  0.12380561E-01  0.33604381E-02 -0.23591320E-01
 0.1000E+13  0.3476E-01  0.3476E-01 -0.6978E-01  0.0000E+00  0.0000E+00  0.0000E+00  0.12380561E-01  0.33604381E-02 -0.23591320E-01
 0.1000E+14  0.3476E-01  0.3476E-01 -0.6978E-01  0.0000E+00  0.0000E+00  0.0000E+00  0.12380561E-01  0.33604381E-02 -0.23591320E-01
 0.1000E+15  0.3476E-01  0.3476E-01 -0.6978E-01  0.0000E+00  0.0000E+00  0.0000E+00  0.12380561E-01  0.33604381E-02 -0.23591320E-01
 0.1000E+16  0.3476E-01  0.3476E-01 -0.6978E-01  0.0000E+00  0.0000E+00  0.0000E+00  0.12380561E-01  0.33604381E-02 -0.23591320E-01
