 Eps N1  
    Times       ex          ey          ez          ex_th       ey_th       ez_th       ux(N1)      uy(N1)      uz(N1)  
 0.1000E-14  0.4022E-03  0.4022E-03 -0.1063E-02  0.0000E+00  0.0000E+00  0.0000E+00  0.14078206E-03  0.38212272E-04 -0.37178288E-03
 0.1000E-13  0.4492E-03  0.4492E-03 -0.1157E-02  0.0000E+00  0.0000E+00  0.0000E+00  0.15726995E-03  0.42687557E-04 -0.40470785E-03
 0.1000E-12  0.4930E-03  0.4930E-03 -0.1244E-02  0.0000E+00  0.0000E+00  0.0000E+00  0.17258717E-03  0.46845088E-04 -0.43529111E-03
 0.1000E-11  0.5448E-03  0.5448E-03 -0.1348E-02  0.0000E+00  0.0000E+00  0.0000E+00  0.19074824E-03  0.51774522E-04 -0.47154738E-03
 0.1000E-10  0.6069E-03  0.6069E-03 -0.1472E-02  0.0000E+00  0.0000E+00  0.0000E+00  0.21247261E-03  0.57671137E-04 -0.51490992E-03
 0.1000E-09  0.6904E-03  0.6904E-03 -0.1639E-02  0.0000E+00  0.0000E+00  0.0000E+00  0.24171206E-03  0.65607560E-04 -0.57326006E-03
 0.1000E-08  0.8286E-03  0.8286E-03 -0.1916E-02  0.0000E+00  0.0000E+00  0.0000E+00  0.29012436E-03  0.78748040E-04 -0.66983933E-03
 0.1000E-07  0.1035E-02  0.1035E-02 -0.2329E-02  0.0000E+00  0.0000E+00  0.0000E+00  0.36247102E-03  0.98384992E-04 -0.81409145E-03
 0.1000E-06  0.1478E-02  0.1478E-02 -0.3215E-02  0.0000E+00  0.0000E+00  0.0000E+00  0.51777938E-03  0.14054012E-03 -0.11234595E-02
 0.1000E-05  0.2363E-02  0.2363E-02 -0.4984E-02  0.0000E+00  0.0000E+00  0.0000E+00  0.82794283E-03  0.22472734E-03 -0.17400637E-02
 0.1000E-04  0.4275E-02  0.4275E-02 -0.8808E-02  0.0000E+00  0.0000E+00  0.0000E+00  0.14994222E-02  0.40698601E-03 -0.30693777E-02
 0.1000E-03  0.8069E-02  0.8069E-02 -0.1640E-01  0.0000E+00  0.0000E+00  0.0000E+00  0.28355502E-02  0.76964935E-03 -0.56919544E-02
 0.1000E-02  0.1526E-01  0.1526E-01 -0.3077E-01  0.0000E+00  0.0000E+00  0.0000E+00  0.53808351E-02  0.14605124E-02 -0.10606353E-01
 0.1000E-01  0.2568E-01  0.2568E-01 -0.5162E-01  0.0000E+00  0.0000E+00  0.0000E+00  0.91044269E-02  0.24712016E-02 -0.17608547E-01
 0.1000E+00  0.3015E-01  0.3015E-01 -0.6055E-01  0.0000E+00  0.0000E+00  0.0000E+00  0.10711519E-01  0.29074123E-02 -0.20563686E-01
 0.1000E+01  0.3414E-01  0.3414E-01 -0.6854E-01  0.0000E+00  0.0000E+00  0.0000E+00  0.12156220E-01  0.32995453E-02 -0.23186802E-01
 0.1000E+02  0.3476E-01  0.3476E-01 -0.6978E-01  0.0000E+00  0.0000E+00  0.0000E+00  0.12380688E-01  0.33604726E-02 -0.23591762E-01
 0.1000E+03  0.3476E-01  0.3476E-01 -0.6978E-01  0.0000E+00  0.0000E+00  0.0000E+00  0.12380564E-01  0.33604388E-02 -0.23591316E-01
 0.1000E+04  0.3476E-01  0.3476E-01 -0.6978E-01  0.0000E+00  0.0000E+00  0.0000E+00  0.12380560E-01  0.33604376E-02 -0.23591308E-01
 0.1000E+05  0.3476E-01  0.3476E-01 -0.6978E-01  0.0000E+00  0.0000E+00  0.0000E+00  0.12380560E-01  0.33604376E-02 -0.23591308E-01
 0.1000E+06  0.3476E-01  0.3476E-01 -0.6978E-01  0.0000E+00  0.0000E+00  0.0000E+00  0.12380560E-01  0.33604376E-02 -0.23591308E-01
 0.1000E+07  0.3476E-01  0.3476E-01 -0.6978E-01  0.0000E+00  0.0000E+00  0.0000E+00  0.12380560E-01  0.33604376E-02 -0.23591308E-01
 0.1000E+08  0.3476E-01  0.3476E-01 -0.6978E-01  0.0000E+00  0.0000E+00  0.0000E+00  0.12380560E-01  0.33604376E-02 -0.23591308E-01
 0.1000E+09  0.3476E-01  0.3476E-01 -0.6978E-01  0.0000E+00  0.0000E+00  0.0000E+00  0.12380560E-01  0.33604376E-02 -0.23591308E-01
 0.1000E+10  0.3476E-01  0.3476E-01 -0.6978E-01  0.0000E+00  0.0000E+00  0.0000E+00  0.12380560E-01  0.33604376E-02 -0.23591308E-01
 0.1000E+11  0.3476E-01  0.3476E-01 -0.6978E-01  0.0000E+00  0.0000E+00  0.0000E+00  0.12380560E-01  0.33604376E-02 -0.23591308E-01
 0.1000E+12  0.3476E-01  0.3476E-01 -0.6978E-01  0.0000E+00  0.0000E+00  0.0000E+00  0.12380560E-01  0.33604376E-02 -0.23591308E-01
 0.1000E+13  0.3476E-01  0.3476E-01 -0.6978E-01  0.0000E+00  0.0000E+00  0.0000E+00  0.12380560E-01  0.33604376E-02 -0.23591308E-01
 0.1000E+14  0.3476E-01  0.3476E-01 -0.6978E-01  0.0000E+00  0.0000E+00  0.0000E+00  0.12380560E-01  0.33604376E-02 -0.23591308E-01
 0.1000E+15  0.3476E-01  0.3476E-01 -0.6978E-01  0.0000E+00  0.0000E+00  0.0000E+00  0.12380560E-01  0.33604376E-02 -0.23591308E-01
 0.1000E+16  0.3476E-01  0.3476E-01 -0.6978E-01  0.0000E+00  0.0000E+00  0.0000E+00  0.12380560E-01  0.33604376E-02 -0.23591308E-01
