 Eps N1  
    Times       ex          ey          ez          ex_th       ey_th       ez_th       ux(N1)      uy(N1)      uz(N1)  
 0.1000E-14  0.3022E-03  0.3022E-03 -0.8628E-03  0.0000E+00  0.0000E+00  0.0000E+00  0.10577279E-03  0.28709757E-04 -0.30185626E-03
 0.1000E-13  0.3022E-03  0.3022E-03 -0.8628E-03  0.0000E+00  0.0000E+00  0.0000E+00  0.10577281E-03  0.28709763E-04 -0.30185617E-03
 0.1000E-12  0.3022E-03  0.3022E-03 -0.8628E-03  0.0000E+00  0.0000E+00  0.0000E+00  0.10577281E-03  0.28709763E-04 -0.30185617E-03
 0.1000E-11  0.3022E-03  0.3022E-03 -0.8628E-03  0.0000E+00  0.0000E+00  0.0000E+00  0.10577281E-03  0.28709763E-04 -0.30185617E-03
 0.1000E-10  0.3022E-03  0.3022E-03 -0.8628E-03  0.0000E+00  0.0000E+00  0.0000E+00  0.10577281E-03  0.28709763E-04 -0.30185617E-03
 0.1000E-09  0.3022E-03  0.3022E-03 -0.8628E-03  0.0000E+00  0.0000E+00  0.0000E+00  0.10577281E-03  0.28709763E-04 -0.30185617E-03
 0.1000E-08  0.3022E-03  0.3022E-03 -0.8628E-03  0.0000E+00  0.0000E+00  0.0000E+00  0.10577281E-03  0.28709763E-04 -0.30185617E-03
 0.1000E-07  0.3022E-03  0.3022E-03 -0.8628E-03  0.0000E+00  0.0000E+00  0.0000E+00  0.10577281E-03  0.28709764E-04 -0.30185618E-03
 0.1000E-06  0.3022E-03  0.3022E-03 -0.8628E-03  0.0000E+00  0.0000E+00  0.0000E+00  0.10577282E-03  0.28709767E-04 -0.30185620E-03
 0.1000E-05  0.3022E-03  0.3022E-03 -0.8628E-03  0.0000E+00  0.0000E+00  0.0000E+00  0.10577293E-03  0.28709796E-04 -0.30185641E-03
 0.1000E-04  0.3022E-03  0.3022E-03 -0.8628E-03  0.0000E+00  0.0000E+00  0.0000E+00  0.10577399E-03  0.28710084E-04 -0.30185853E-03
 0.1000E-03  0.3022E-03  0.3022E-03 -0.8629E-03  0.0000E+00  0.0000E+00  0.0000E+00  0.10578461E-03  0.28712966E-04 -0.30187973E-03
 0.1000E-02  0.3025E-03  0.3025E-03 -0.8635E-03  0.0000E+00  0.0000E+00  0.0000E+00  0.10588854E-03  0.28741175E-04 -0.30208728E-03
 0.1000E-01  0.3049E-03  0.3049E-03 -0.8684E-03  0.0000E+00  0.0000E+00  0.0000E+00  0.10674270E-03  0.28973019E-04 -0.30379303E-03
 0.1000E+00  0.3144E-03  0.3144E-03 -0.8873E-03  0.0000E+00  0.0000E+00  0.0000E+00  0.11005238E-03  0.29871360E-04 -0.31040276E-03
 0.1000E+01  0.3301E-03  0.3301E-03 -0.9187E-03  0.0000E+00  0.0000E+00  0.0000E+00  0.11556007E-03  0.31366306E-04 -0.32140319E-03
 0.1000E+02  0.3449E-03  0.3449E-03 -0.9482E-03  0.0000E+00  0.0000E+00  0.0000E+00  0.12072031E-03  0.32766942E-04 -0.33171078E-03
 0.1000E+03  0.3670E-03  0.3670E-03 -0.9924E-03  0.0000E+00  0.0000E+00  0.0000E+00  0.12845723E-03  0.34866961E-04 -0.34716249E-03
 0.1000E+04  0.3899E-03  0.3899E-03 -0.1038E-02  0.0000E+00  0.0000E+00  0.0000E+00  0.13648343E-03  0.37045501E-04 -0.36319235E-03
 0.1000E+05  0.4204E-03  0.4204E-03 -0.1099E-02  0.0000E+00  0.0000E+00  0.0000E+00  0.14717469E-03  0.39947416E-04 -0.38454885E-03
 0.1000E+06  0.4615E-03  0.4615E-03 -0.1182E-02  0.0000E+00  0.0000E+00  0.0000E+00  0.16157347E-03  0.43855656E-04 -0.41330090E-03
 0.1000E+07  0.5059E-03  0.5059E-03 -0.1270E-02  0.0000E+00  0.0000E+00  0.0000E+00  0.17709880E-03  0.48069674E-04 -0.44429852E-03
 0.1000E+08  0.5612E-03  0.5612E-03 -0.1381E-02  0.0000E+00  0.0000E+00  0.0000E+00  0.19646749E-03  0.53326891E-04 -0.48296396E-03
 0.1000E+09  0.6272E-03  0.6272E-03 -0.1513E-02  0.0000E+00  0.0000E+00  0.0000E+00  0.21960454E-03  0.59606947E-04 -0.52914371E-03
 0.1000E+10  0.7216E-03  0.7216E-03 -0.1702E-02  0.0000E+00  0.0000E+00  0.0000E+00  0.25266650E-03  0.68580908E-04 -0.59511692E-03
 0.1000E+11  0.8825E-03  0.8825E-03 -0.2023E-02  0.0000E+00  0.0000E+00  0.0000E+00  0.30899830E-03  0.83870966E-04 -0.70748070E-03
 0.1000E+12  0.1120E-02  0.1120E-02 -0.2499E-02  0.0000E+00  0.0000E+00  0.0000E+00  0.39222728E-03  0.10646169E-03 -0.87339655E-03
 0.1000E+13  0.1639E-02  0.1639E-02 -0.3536E-02  0.0000E+00  0.0000E+00  0.0000E+00  0.57401970E-03  0.15580535E-03 -0.12353865E-02
 0.1000E+14  0.2724E-02  0.2724E-02 -0.5707E-02  0.0000E+00  0.0000E+00  0.0000E+00  0.95479769E-03  0.25915937E-03 -0.19917802E-02
 0.1000E+15  0.5072E-02  0.5072E-02 -0.1040E-01  0.0000E+00  0.0000E+00  0.0000E+00  0.17797977E-02  0.48308795E-03 -0.36221811E-02
 0.1000E+16  0.9598E-02  0.9598E-02 -0.1945E-01  0.0000E+00  0.0000E+00  0.0000E+00  0.33753019E-02  0.91615338E-03 -0.67429683E-02
