  LS    nlcreq                        Temp                       Time    
  1     0.20108033949246E-15         -273.1500                       -1301.7181818182
  2     0.67151337050954E-03         -273.1500                       -1172.2181818182
  3     0.27179101379407E-02         -273.1500                       -1001.8181818182
  4     0.35377067560735E-02         -273.1500                          -1.8181818182
  5     0.35378327498569E-02         -273.1500                          -0.9090909091
  6     0.35378981012595E-02         -273.1500                           0.0000000000
  7     0.35379396689146E-02         -273.1500                           0.9090909091
  8     0.35379835348885E-02         -273.1500                           1.8181818182
  9     0.35380643777222E-02         -273.1500                           2.7272727273
  10    0.35382578089634E-02         -273.1500                           3.6363636364
  11    0.35387314050267E-02         -273.1500                           4.5454545455
  12    0.35398311788614E-02         -273.1500                           5.4545454545
  13    0.35421485795159E-02         -273.1500                           6.3636363636
  14    0.35465073589327E-02         -273.1500                           7.2727272727
  15    0.35537619903431E-02         -273.1500                           8.1818181818
  16    0.35643153264596E-02         -273.1500                           9.0909090909
  17    0.35806857010465E-02         -273.1500                          10.0000000000
  18    0.36099025405040E-02         -273.1500                          10.9090909091
  19    0.36453380584011E-02         -273.1500                          11.8181818182
  20    0.36650950715930E-02         -273.1500                          12.7272727273
  21    0.36738824873928E-02         -273.1500                          13.6363636364
  22    0.36805033886505E-02         -273.1500                          14.5454545454
  23    0.36874845402456E-02         -273.1500                          15.4545454545
  24    0.36975393798515E-02         -273.1500                          16.3636363636
  25    0.39973568418500E-02         -273.1500                        1786.3636363636
  26    0.39973727470347E-02         -273.1500                        1787.3636363636
  27    0.39973977869106E-02         -273.1500                        1788.3636363636
  28    0.39975901779503E-02         -273.1500                        1789.3636363636
  29    0.40002937183768E-02         -273.1500                        1790.3636363636
  30    0.40260692310421E-02         -273.1500                        1791.3636363636
  31    0.41270948181524E-02         -273.1500                        1792.3636363636
  32    0.42749729170845E-02         -273.1500                        1793.3636363636
  33    0.44063848973122E-02         -273.1500                        1794.3636363636
  34    0.45285693623364E-02         -273.1500                        1795.3636363636
  35    0.46442591692213E-02         -273.1500                        1796.3636363636
  36    0.47552186491289E-02         -273.1500                        1797.3636363636
  37    0.48623025922115E-02         -273.1500                        1798.3636363636
  38    0.49658538255500E-02         -273.1500                        1799.3636363636
  39    0.50659600471347E-02         -273.1500                        1800.3636363636
  40    0.51625564203003E-02         -273.1500                        1801.3636363636
  41    0.52555111519904E-02         -273.1500                        1802.3636363636
  42    0.53446322178706E-02         -273.1500                        1803.3636363636
  43    0.54297167813501E-02         -273.1500                        1804.3636363636
  44    0.55095706140732E-02         -273.1500                        1805.3636363636
  45    0.55840461158763E-02         -273.1500                        1806.3636363636
  46    0.56532066595567E-02         -273.1500                        1807.3636363636
  47    0.57170876666547E-02         -273.1500                        1808.3636363636
  48    0.57757071242238E-02         -273.1500                        1809.3636363636
  49    0.58290854102425E-02         -273.1500                        1810.3636363636
  50    0.58772654968067E-02         -273.1500                        1811.3636363636
  51    0.59203261014873E-02         -273.1500                        1812.3636363636
  52    0.59583875476587E-02         -273.1500                        1813.3636363636
  53    0.59916181211339E-02         -273.1500                        1814.3636363636
  54    0.60202332339900E-02         -273.1500                        1815.3636363636
  55    0.60444923971794E-02         -273.1500                        1816.3636363636
  56    0.75002072577794E-02         -273.1500                        3586.3636363636
  57    0.75004641264734E-02         -273.1500                        3587.5454545454
  58    0.75007141334783E-02         -273.1500                        3588.7272727272
  59    0.75009503331448E-02         -273.1500                        3589.9090909091
  60    0.75011708185435E-02         -273.1500                        3591.0909090909
  61    0.75013802201235E-02         -273.1500                        3592.2727272727
  62    0.75015909621000E-02         -273.1500                        3593.4545454545
  63    0.75018274721674E-02         -273.1500                        3594.6363636363
  64    0.75021368455768E-02         -273.1500                        3595.8181818181
  65    0.75026198279363E-02         -273.1500                        3596.9999999999
  66    0.75035104340024E-02         -273.1500                        3598.1818181817
  67    0.75046923455704E-02         -273.1500                        3599.0909090908
  68    0.75067505678656E-02         -273.1500                        3599.9999999999
  69    0.75102349365696E-02         -273.1500                        3600.9090909090
  70    0.75158410077797E-02         -273.1500                        3601.8181818181
  71    0.75244794683747E-02         -273.1500                        3602.7272727272
  72    0.75371179730001E-02         -273.1500                        3603.6363636363
  73    0.75545680817653E-02         -273.1500                        3604.5454545454
  74    0.75774116340605E-02         -273.1500                        3605.4545454544
  75    0.76058206649774E-02         -273.1500                        3606.3636363635
  76    0.76394587299660E-02         -273.1500                        3607.2727272726
  77    0.76770380748317E-02         -273.1500                        3608.1818181817
  78    0.77158591263005E-02         -273.1500                        3609.0909090908
  79    0.77580214326867E-02         -273.1500                        3609.9999999999
  80    0.78115523171483E-02         -273.1500                        3610.9090909090
  81    0.78657296614086E-02         -273.1500                        3611.8181818181
  82    0.78999755426901E-02         -273.1500                        3612.7272727272
  83    0.79219195582669E-02         -273.1500                        3613.6363636363
  84    0.79412274852904E-02         -273.1500                        3614.5454545453
  85    0.79629589797926E-02         -273.1500                        3615.4545454544
  86    0.79925182923925E-02         -273.1500                        3616.3636363635
  87    0.86264056571994E-02         -273.1500                        5386.3636363635
  88    0.86264321153026E-02         -273.1500                        5387.3636363635
  89    0.86264928856710E-02         -273.1500                        5388.3636363635
  90    0.86268729423579E-02         -273.1500                        5389.3636363635
  91    0.86302746440255E-02         -273.1500                        5390.3636363635
  92    0.86548295424877E-02         -273.1500                        5391.3636363635
  93    0.87405697009314E-02         -273.1500                        5392.3636363635
  94    0.88643409291856E-02         -273.1500                        5393.3636363635
  95    0.89761190849793E-02         -273.1500                        5394.3636363635
  96    0.90819841292088E-02         -273.1500                        5395.3636363635
  97    0.91841924861106E-02         -273.1500                        5396.3636363635
  98    0.92839334056099E-02         -273.1500                        5397.3636363635
  99    0.93816068365589E-02         -273.1500                        5398.3636363635
  100   0.94772066887923E-02         -273.1500                        5399.3636363635
  101   0.95705475211273E-02         -273.1500                        5400.3636363635
  102   0.96613529133383E-02         -273.1500                        5401.3636363635
  103   0.97493236065825E-02         -273.1500                        5402.3636363635
  104   0.98341402503433E-02         -273.1500                        5403.3636363635
  105   0.99154964111422E-02         -273.1500                        5404.3636363635
  106   0.99922191325345E-02         -273.1500                        5405.3636363635
  107   0.10064073217823E-01         -273.1500                        5406.3636363635
  108   0.10131037002064E-01         -273.1500                        5407.3636363635
  109   0.10193077529708E-01         -273.1500                        5408.3636363635
  110   0.10250155119770E-01         -273.1500                        5409.3636363635
  111   0.10302246425056E-01         -273.1500                        5410.3636363635
  112   0.10349359991500E-01         -273.1500                        5411.3636363635
  113   0.10391544611642E-01         -273.1500                        5412.3636363635
  114   0.10428896801261E-01         -273.1500                        5413.3636363635
  115   0.10461558977499E-01         -273.1500                        5414.3636363635
  116   0.10489724084417E-01         -273.1500                        5415.3636363635
  117   0.10513634861295E-01         -273.1500                        5416.3636363635
  118   0.11943529971446E-01         -273.1500                        7186.3636363635
  119   0.11943780716659E-01         -273.1500                        7187.5454545453
  120   0.11944023397894E-01         -273.1500                        7188.7272727271
  121   0.11944251200977E-01         -273.1500                        7189.9090909090
  122   0.11944462084472E-01         -273.1500                        7191.0909090908
  123   0.11944660020081E-01         -273.1500                        7192.2727272726
  124   0.11944855519424E-01         -273.1500                        7193.4545454544
  125   0.11945068895667E-01         -273.1500                        7194.6363636362
  126   0.11945337951589E-01         -273.1500                        7195.8181818180
  127   0.11945742741519E-01         -273.1500                        7196.9999999998
  128   0.11946476569497E-01         -273.1500                        7198.1818181816
  129   0.11947460168379E-01         -273.1500                        7199.0909090907
  130   0.11949217677320E-01         -273.1500                        7199.9999999998
  131   0.11952289698854E-01         -273.1500                        7200.9090909089
  132   0.11957383931016E-01         -273.1500                        7201.8181818180
  133   0.11965423730638E-01         -273.1500                        7202.7272727271
  134   0.11977418353605E-01         -273.1500                        7203.6363636362
  135   0.11994273577892E-01         -273.1500                        7204.5454545453
  136   0.12016667592346E-01         -273.1500                        7205.4545454543
  137   0.12044881574233E-01         -273.1500                        7206.3636363634
  138   0.12078696115671E-01         -273.1500                        7207.2727272725
  139   0.12116933647953E-01         -273.1500                        7208.1818181816
  140   0.12157034653783E-01         -273.1500                        7209.0909090907
  141   0.12201601837880E-01         -273.1500                        7209.9999999998
  142   0.12259995651716E-01         -273.1500                        7210.9090909089
  143   0.12322256720775E-01         -273.1500                        7211.8181818180
  144   0.12365338130540E-01         -273.1500                        7212.7272727271
  145   0.12395024867575E-01         -273.1500                        7213.6363636362
  146   0.12421389707943E-01         -273.1500                        7214.5454545453
  147   0.12450134357039E-01         -273.1500                        7215.4545454543
  148   0.12488219811090E-01         -273.1500                        7216.3636363634
  149   0.13289766329088E-01         -273.1500                        8986.3636363634
  150   0.13289802212796E-01         -273.1500                        8987.3636363634
  151   0.13289889722491E-01         -273.1500                        8988.3636363634
  152   0.13290305074984E-01         -273.1500                        8989.3636363634
  153   0.13293087305187E-01         -273.1500                        8990.3636363634
  154   0.13311563533171E-01         -273.1500                        8991.3636363634
  155   0.13377775112457E-01         -273.1500                        8992.3636363634
  156   0.13477491371494E-01         -273.1500                        8993.3636363634
  157   0.13570801100749E-01         -273.1500                        8994.3636363634
  158   0.13661760221813E-01         -273.1500                        8995.3636363634
  159   0.13751806730265E-01         -273.1500                        8996.3636363634
  160   0.13841520601744E-01         -273.1500                        8997.3636363634
  161   0.13930875327810E-01         -273.1500                        8998.3636363634
  162   0.14019545777930E-01         -273.1500                        8999.3636363634
  163   0.14107093508523E-01         -273.1500                        9000.3636363634
  164   0.14193038900434E-01         -273.1500                        9001.3636363634
  165   0.14276916919443E-01         -273.1500                        9002.3636363634
  166   0.14358275448303E-01         -273.1500                        9003.3636363634
  167   0.14436700407400E-01         -273.1500                        9004.3636363634
  168   0.14511007474729E-01         -273.1500                        9005.3636363634
  169   0.14580877060108E-01         -273.1500                        9006.3636363634
  170   0.14646205191200E-01         -273.1500                        9007.3636363634
  171   0.14706895564334E-01         -273.1500                        9008.3636363634
  172   0.14762859216390E-01         -273.1500                        9009.3636363634
  173   0.14814033680404E-01         -273.1500                        9010.3636363634
  174   0.14860395625557E-01         -273.1500                        9011.3636363634
  175   0.14901967079763E-01         -273.1500                        9012.3636363634
  176   0.14938819704591E-01         -273.1500                        9013.3636363634
  177   0.14971077323630E-01         -273.1500                        9014.3636363634
  178   0.14998917682284E-01         -273.1500                        9015.3636363634
  179   0.15022572642303E-01         -273.1500                        9016.3636363634
  180   0.16436290361642E-01         -273.1500                       10786.3636363634
  181   0.16436537940144E-01         -273.1500                       10787.5454545452
  182   0.16436776799018E-01         -273.1500                       10788.7272727271
  183   0.16437000151829E-01         -273.1500                       10789.9090909089
  184   0.16437205978489E-01         -273.1500                       10791.0909090907
  185   0.16437397994999E-01         -273.1500                       10792.2727272725
  186   0.16437586121415E-01         -273.1500                       10793.4545454543
  187   0.16437789071105E-01         -273.1500                       10794.6363636361
  188   0.16438041274074E-01         -273.1500                       10795.8181818179
  189   0.16438414852734E-01         -273.1500                       10796.9999999997
  190   0.16439086939377E-01         -273.1500                       10798.1818181815
