 Eps N1  
    Times       ex          ey          ez          ex_th       ey_th       ez_th       ux(N1)      uy(N1)      uz(N1)  
 0.1000E-14  0.2699E-04  0.1472E-03 -0.4491E-03  0.0000E+00  0.0000E+00  0.0000E+00  0.68572471E-04  0.14747558E-04 -0.19067554E-03
 0.1000E-13  0.2699E-04  0.1472E-03 -0.4491E-03  0.0000E+00  0.0000E+00  0.0000E+00  0.68573688E-04  0.14748839E-04 -0.19067193E-03
 0.1000E-12  0.2699E-04  0.1472E-03 -0.4491E-03  0.0000E+00  0.0000E+00  0.0000E+00  0.68574066E-04  0.14749016E-04 -0.19067294E-03
 0.1000E-11  0.2699E-04  0.1472E-03 -0.4491E-03  0.0000E+00  0.0000E+00  0.0000E+00  0.68574182E-04  0.14749066E-04 -0.19067324E-03
 0.1000E-10  0.2699E-04  0.1472E-03 -0.4491E-03  0.0000E+00  0.0000E+00  0.0000E+00  0.68574220E-04  0.14749081E-04 -0.19067333E-03
 0.1000E-09  0.2699E-04  0.1472E-03 -0.4491E-03  0.0000E+00  0.0000E+00  0.0000E+00  0.68574232E-04  0.14749086E-04 -0.19067336E-03
 0.1000E-08  0.2699E-04  0.1472E-03 -0.4491E-03  0.0000E+00  0.0000E+00  0.0000E+00  0.68574236E-04  0.14749087E-04 -0.19067337E-03
 0.1000E-07  0.2699E-04  0.1472E-03 -0.4491E-03  0.0000E+00  0.0000E+00  0.0000E+00  0.68574238E-04  0.14749088E-04 -0.19067338E-03
 0.1000E-06  0.2699E-04  0.1472E-03 -0.4491E-03  0.0000E+00  0.0000E+00  0.0000E+00  0.68574238E-04  0.14749088E-04 -0.19067338E-03
 0.1000E-05  0.2699E-04  0.1472E-03 -0.4491E-03  0.0000E+00  0.0000E+00  0.0000E+00  0.68574239E-04  0.14749088E-04 -0.19067338E-03
 0.1000E-04  0.2699E-04  0.1472E-03 -0.4491E-03  0.0000E+00  0.0000E+00  0.0000E+00  0.68574239E-04  0.14749088E-04 -0.19067338E-03
 0.1000E-03  0.2699E-04  0.1472E-03 -0.4491E-03  0.0000E+00  0.0000E+00  0.0000E+00  0.68574240E-04  0.14749088E-04 -0.19067338E-03
 0.1000E-02  0.2699E-04  0.1472E-03 -0.4491E-03  0.0000E+00  0.0000E+00  0.0000E+00  0.68574251E-04  0.14749089E-04 -0.19067340E-03
 0.1000E-01  0.2699E-04  0.1472E-03 -0.4491E-03  0.0000E+00  0.0000E+00  0.0000E+00  0.68574361E-04  0.14749101E-04 -0.19067357E-03
 0.1000E+00  0.2699E-04  0.1472E-03 -0.4491E-03  0.0000E+00  0.0000E+00  0.0000E+00  0.68575457E-04  0.14749217E-04 -0.19067528E-03
 0.1000E+01  0.2697E-04  0.1472E-03 -0.4491E-03  0.0000E+00  0.0000E+00  0.0000E+00  0.68586395E-04  0.14750376E-04 -0.19069240E-03
 0.1000E+02  0.2682E-04  0.1473E-03 -0.4491E-03  0.0000E+00  0.0000E+00  0.0000E+00  0.68693443E-04  0.14761715E-04 -0.19085989E-03
 0.1000E+03  0.2557E-04  0.1482E-03 -0.4495E-03  0.0000E+00  0.0000E+00  0.0000E+00  0.69563187E-04  0.14853651E-04 -0.19221910E-03
 0.1000E+04  0.2271E-04  0.1507E-03 -0.4513E-03  0.0000E+00  0.0000E+00  0.0000E+00  0.71891289E-04  0.15129914E-04 -0.19593427E-03
 0.1000E+05  0.1980E-04  0.1539E-03 -0.4535E-03  0.0000E+00  0.0000E+00  0.0000E+00  0.74500769E-04  0.15472598E-04 -0.20015862E-03
 0.1000E+06  0.2130E-04  0.1620E-03 -0.4642E-03  0.0000E+00  0.0000E+00  0.0000E+00  0.78280653E-04  0.16363386E-04 -0.20732080E-03
 0.1000E+07  0.4152E-04  0.1860E-03 -0.5054E-03  0.0000E+00  0.0000E+00  0.0000E+00  0.85083062E-04  0.19075071E-04 -0.22322206E-03
 0.1000E+08  0.8057E-04  0.2253E-03 -0.5766E-03  0.0000E+00  0.0000E+00  0.0000E+00  0.94376255E-04  0.23653112E-04 -0.24753942E-03
 0.1000E+09  0.1218E-03  0.2699E-03 -0.6557E-03  0.0000E+00  0.0000E+00  0.0000E+00  0.10539898E-03  0.29030978E-04 -0.27661995E-03
 0.1000E+10  0.1569E-03  0.3131E-03 -0.7294E-03  0.0000E+00  0.0000E+00  0.0000E+00  0.11664356E-03  0.34461754E-04 -0.30657269E-03
 0.1000E+11  0.1840E-03  0.3530E-03 -0.7934E-03  0.0000E+00  0.0000E+00  0.0000E+00  0.12738278E-03  0.39670276E-04 -0.33563419E-03
 0.1000E+12  0.2024E-03  0.3925E-03 -0.8504E-03  0.0000E+00  0.0000E+00  0.0000E+00  0.13894203E-03  0.45013145E-04 -0.36643842E-03
 0.1000E+13  0.2126E-03  0.4340E-03 -0.9025E-03  0.0000E+00  0.0000E+00  0.0000E+00  0.15185428E-03  0.50789185E-04 -0.40048786E-03
 0.1000E+14  0.2095E-03  0.4884E-03 -0.9569E-03  0.0000E+00  0.0000E+00  0.0000E+00  0.17070695E-03  0.58586690E-04 -0.44831349E-03
 0.1000E+15  0.1817E-03  0.5680E-03 -0.1014E-02  0.0000E+00  0.0000E+00  0.0000E+00  0.20058099E-03  0.70407326E-04 -0.52229200E-03
 0.1000E+16  0.9845E-04  0.6925E-03 -0.1063E-02  0.0000E+00  0.0000E+00  0.0000E+00  0.25148883E-03  0.89785294E-04 -0.64533750E-03
