 Eps N1  
    Times       ex          ey          ez          ex_th       ey_th       ez_th       ux(N1)      uy(N1)      uz(N1)  
 0.1000E-14  0.9258E-04  0.1818E-03 -0.5613E-03  0.0000E+00  0.0000E+00  0.0000E+00  0.81911685E-04  0.19397290E-04 -0.22904438E-03
 0.1000E-13  0.9258E-04  0.1818E-03 -0.5613E-03  0.0000E+00  0.0000E+00  0.0000E+00  0.81913908E-04  0.19397893E-04 -0.22904034E-03
 0.1000E-12  0.9258E-04  0.1818E-03 -0.5613E-03  0.0000E+00  0.0000E+00  0.0000E+00  0.81914211E-04  0.19398030E-04 -0.22904116E-03
 0.1000E-11  0.9258E-04  0.1818E-03 -0.5613E-03  0.0000E+00  0.0000E+00  0.0000E+00  0.81914310E-04  0.19398066E-04 -0.22904141E-03
 0.1000E-10  0.9258E-04  0.1818E-03 -0.5613E-03  0.0000E+00  0.0000E+00  0.0000E+00  0.81914343E-04  0.19398076E-04 -0.22904148E-03
 0.1000E-09  0.9258E-04  0.1818E-03 -0.5613E-03  0.0000E+00  0.0000E+00  0.0000E+00  0.81914354E-04  0.19398079E-04 -0.22904151E-03
 0.1000E-08  0.9258E-04  0.1818E-03 -0.5613E-03  0.0000E+00  0.0000E+00  0.0000E+00  0.81914358E-04  0.19398080E-04 -0.22904151E-03
 0.1000E-07  0.9258E-04  0.1818E-03 -0.5613E-03  0.0000E+00  0.0000E+00  0.0000E+00  0.81914359E-04  0.19398080E-04 -0.22904152E-03
 0.1000E-06  0.9258E-04  0.1818E-03 -0.5613E-03  0.0000E+00  0.0000E+00  0.0000E+00  0.81914363E-04  0.19398081E-04 -0.22904152E-03
 0.1000E-05  0.9258E-04  0.1818E-03 -0.5613E-03  0.0000E+00  0.0000E+00  0.0000E+00  0.81914389E-04  0.19398086E-04 -0.22904157E-03
 0.1000E-04  0.9258E-04  0.1818E-03 -0.5613E-03  0.0000E+00  0.0000E+00  0.0000E+00  0.81914655E-04  0.19398133E-04 -0.22904204E-03
 0.1000E-03  0.9258E-04  0.1818E-03 -0.5613E-03  0.0000E+00  0.0000E+00  0.0000E+00  0.81917310E-04  0.19398602E-04 -0.22904669E-03
 0.1000E-02  0.9257E-04  0.1819E-03 -0.5613E-03  0.0000E+00  0.0000E+00  0.0000E+00  0.81943639E-04  0.19403254E-04 -0.22909286E-03
 0.1000E-01  0.9250E-04  0.1822E-03 -0.5618E-03  0.0000E+00  0.0000E+00  0.0000E+00  0.82195657E-04  0.19447761E-04 -0.22953473E-03
 0.1000E+00  0.9251E-04  0.1853E-03 -0.5660E-03  0.0000E+00  0.0000E+00  0.0000E+00  0.84157212E-04  0.19808870E-04 -0.23302018E-03
 0.1000E+01  0.9215E-04  0.1903E-03 -0.5727E-03  0.0000E+00  0.0000E+00  0.0000E+00  0.87515288E-04  0.20412704E-04 -0.23892125E-03
 0.1000E+02  0.9170E-04  0.1939E-03 -0.5773E-03  0.0000E+00  0.0000E+00  0.0000E+00  0.90025810E-04  0.20855420E-04 -0.24329135E-03
 0.1000E+03  0.9109E-04  0.1977E-03 -0.5820E-03  0.0000E+00  0.0000E+00  0.0000E+00  0.92675169E-04  0.21316124E-04 -0.24787278E-03
 0.1000E+04  0.9024E-04  0.2020E-03 -0.5871E-03  0.0000E+00  0.0000E+00  0.0000E+00  0.95745000E-04  0.21847112E-04 -0.25315632E-03
 0.1000E+05  0.8944E-04  0.2074E-03 -0.5933E-03  0.0000E+00  0.0000E+00  0.0000E+00  0.99220661E-04  0.22509623E-04 -0.25928519E-03
 0.1000E+06  0.9078E-04  0.2180E-03 -0.6058E-03  0.0000E+00  0.0000E+00  0.0000E+00  0.10332945E-03  0.23768476E-04 -0.26781461E-03
 0.1000E+07  0.9851E-04  0.2395E-03 -0.6327E-03  0.0000E+00  0.0000E+00  0.0000E+00  0.10807431E-03  0.26286775E-04 -0.28058489E-03
 0.1000E+08  0.1112E-03  0.2675E-03 -0.6697E-03  0.0000E+00  0.0000E+00  0.0000E+00  0.11333369E-03  0.29579880E-04 -0.29617479E-03
 0.1000E+09  0.1254E-03  0.2946E-03 -0.7079E-03  0.0000E+00  0.0000E+00  0.0000E+00  0.11901256E-03  0.32821956E-04 -0.31218686E-03
 0.1000E+10  0.1367E-03  0.3196E-03 -0.7427E-03  0.0000E+00  0.0000E+00  0.0000E+00  0.12569493E-03  0.35890207E-04 -0.32901679E-03
 0.1000E+11  0.1440E-03  0.3446E-03 -0.7754E-03  0.0000E+00  0.0000E+00  0.0000E+00  0.13429652E-03  0.39065656E-04 -0.34860113E-03
 0.1000E+12  0.1470E-03  0.3695E-03 -0.8048E-03  0.0000E+00  0.0000E+00  0.0000E+00  0.14406649E-03  0.42331097E-04 -0.36995225E-03
 0.1000E+13  0.1450E-03  0.3918E-03 -0.8266E-03  0.0000E+00  0.0000E+00  0.0000E+00  0.15305127E-03  0.45313260E-04 -0.38960636E-03
 0.1000E+14  0.1411E-03  0.4126E-03 -0.8451E-03  0.0000E+00  0.0000E+00  0.0000E+00  0.16180456E-03  0.48146842E-04 -0.40856607E-03
 0.1000E+15  0.1338E-03  0.4340E-03 -0.8611E-03  0.0000E+00  0.0000E+00  0.0000E+00  0.17129524E-03  0.51122759E-04 -0.42885855E-03
 0.1000E+16  0.1245E-03  0.4559E-03 -0.8757E-03  0.0000E+00  0.0000E+00  0.0000E+00  0.18134993E-03  0.54219718E-04 -0.45018835E-03
