 Eps N1  
    Times       ex          ey          ez          ex_th       ey_th       ez_th       ux(N1)      uy(N1)      uz(N1)  
 0.1000E-19  0.1466E-03 -0.4223E-03  0.1466E-03  0.0000E+00  0.0000E+00  0.0000E+00  0.54348505E-04 -0.40921048E-04  0.54348505E-04
 0.1000E-18  0.1466E-03 -0.4223E-03  0.1466E-03  0.0000E+00  0.0000E+00  0.0000E+00  0.54348390E-04 -0.40921142E-04  0.54348390E-04
 0.1000E-17  0.1466E-03 -0.4223E-03  0.1466E-03  0.0000E+00  0.0000E+00  0.0000E+00  0.54348390E-04 -0.40921143E-04  0.54348390E-04
 0.1000E-16  0.1466E-03 -0.4223E-03  0.1466E-03  0.0000E+00  0.0000E+00  0.0000E+00  0.54348390E-04 -0.40921143E-04  0.54348390E-04
 0.1000E-15  0.1466E-03 -0.4223E-03  0.1466E-03  0.0000E+00  0.0000E+00  0.0000E+00  0.54348390E-04 -0.40921143E-04  0.54348390E-04
 0.1000E-14  0.1466E-03 -0.4223E-03  0.1466E-03  0.0000E+00  0.0000E+00  0.0000E+00  0.54348390E-04 -0.40921143E-04  0.54348390E-04
 0.1000E-13  0.1466E-03 -0.4223E-03  0.1466E-03  0.0000E+00  0.0000E+00  0.0000E+00  0.54348390E-04 -0.40921143E-04  0.54348390E-04
 0.1000E-12  0.1466E-03 -0.4223E-03  0.1466E-03  0.0000E+00  0.0000E+00  0.0000E+00  0.54348390E-04 -0.40921143E-04  0.54348390E-04
 0.1000E-11  0.1466E-03 -0.4223E-03  0.1466E-03  0.0000E+00  0.0000E+00  0.0000E+00  0.54348390E-04 -0.40921143E-04  0.54348390E-04
 0.1000E-10  0.1466E-03 -0.4223E-03  0.1466E-03  0.0000E+00  0.0000E+00  0.0000E+00  0.54348390E-04 -0.40921143E-04  0.54348390E-04
 0.1000E-09  0.1466E-03 -0.4223E-03  0.1466E-03  0.0000E+00  0.0000E+00  0.0000E+00  0.54348390E-04 -0.40921143E-04  0.54348390E-04
 0.1000E-08  0.1466E-03 -0.4223E-03  0.1466E-03  0.0000E+00  0.0000E+00  0.0000E+00  0.54348390E-04 -0.40921143E-04  0.54348390E-04
 0.1000E-07  0.1466E-03 -0.4223E-03  0.1466E-03  0.0000E+00  0.0000E+00  0.0000E+00  0.54348390E-04 -0.40921143E-04  0.54348390E-04
 0.1000E-06  0.1466E-03 -0.4223E-03  0.1466E-03  0.0000E+00  0.0000E+00  0.0000E+00  0.54348390E-04 -0.40921143E-04  0.54348390E-04
 0.1000E-05  0.1466E-03 -0.4223E-03  0.1466E-03  0.0000E+00  0.0000E+00  0.0000E+00  0.54348390E-04 -0.40921143E-04  0.54348390E-04
 0.1000E-04  0.1466E-03 -0.4223E-03  0.1466E-03  0.0000E+00  0.0000E+00  0.0000E+00  0.54348390E-04 -0.40921143E-04  0.54348390E-04
 0.1000E-03  0.1466E-03 -0.4223E-03  0.1466E-03  0.0000E+00  0.0000E+00  0.0000E+00  0.54348391E-04 -0.40921143E-04  0.54348391E-04
 0.1000E-02  0.1466E-03 -0.4223E-03  0.1466E-03  0.0000E+00  0.0000E+00  0.0000E+00  0.54348395E-04 -0.40921145E-04  0.54348395E-04
 0.1000E-01  0.1466E-03 -0.4223E-03  0.1466E-03  0.0000E+00  0.0000E+00  0.0000E+00  0.54348440E-04 -0.40921164E-04  0.54348440E-04
 0.1000E+00  0.1466E-03 -0.4223E-03  0.1466E-03  0.0000E+00  0.0000E+00  0.0000E+00  0.54348889E-04 -0.40921360E-04  0.54348889E-04
 0.1000E+01  0.1466E-03 -0.4223E-03  0.1466E-03  0.0000E+00  0.0000E+00  0.0000E+00  0.54353375E-04 -0.40923320E-04  0.54353375E-04
 0.1000E+02  0.1467E-03 -0.4225E-03  0.1467E-03  0.0000E+00  0.0000E+00  0.0000E+00  0.54399413E-04 -0.40943761E-04  0.54399413E-04
 0.1000E+03  0.1480E-03 -0.4242E-03  0.1480E-03  0.0000E+00  0.0000E+00  0.0000E+00  0.54799530E-04 -0.41125469E-04  0.54799530E-04
 0.1000E+04  0.1513E-03 -0.4293E-03  0.1513E-03  0.0000E+00  0.0000E+00  0.0000E+00  0.55940081E-04 -0.41671523E-04  0.55940081E-04
 0.1000E+05  0.1578E-03 -0.4432E-03  0.1578E-03  0.0000E+00  0.0000E+00  0.0000E+00  0.58585887E-04 -0.43207434E-04  0.58585887E-04
 0.1000E+06  0.1782E-03 -0.4971E-03  0.1782E-03  0.0000E+00  0.0000E+00  0.0000E+00  0.68131640E-04 -0.49242330E-04  0.68131640E-04
 0.1000E+07  0.2137E-03 -0.5927E-03  0.2137E-03  0.0000E+00  0.0000E+00  0.0000E+00  0.85516386E-04 -0.60247009E-04  0.85516386E-04
 0.1000E+08  0.2498E-03 -0.6885E-03  0.2498E-03  0.0000E+00  0.0000E+00  0.0000E+00  0.10383341E-03 -0.71646433E-04  0.10383341E-03
 0.1000E+09  0.2847E-03 -0.7751E-03  0.2847E-03  0.0000E+00  0.0000E+00  0.0000E+00  0.12174900E-03 -0.82427356E-04  0.12174900E-03
 0.1000E+10  0.3181E-03 -0.8535E-03  0.3181E-03  0.0000E+00  0.0000E+00  0.0000E+00  0.13923571E-03 -0.92631614E-04  0.13923571E-03
 0.1000E+11  0.3500E-03 -0.9248E-03  0.3500E-03  0.0000E+00  0.0000E+00  0.0000E+00  0.15610859E-03 -0.10225331E-03  0.15610859E-03
 0.1000E+12  0.3842E-03 -0.9968E-03  0.3842E-03  0.0000E+00  0.0000E+00  0.0000E+00  0.17399941E-03 -0.11222678E-03  0.17399941E-03
 0.1000E+13  0.4222E-03 -0.1074E-02  0.4222E-03  0.0000E+00  0.0000E+00  0.0000E+00  0.19382416E-03 -0.12310810E-03  0.19382416E-03
 0.1000E+14  0.4754E-03 -0.1177E-02  0.4754E-03  0.0000E+00  0.0000E+00  0.0000E+00  0.22155842E-03 -0.13811902E-03  0.22155842E-03
 0.1000E+15  0.5562E-03 -0.1333E-02  0.5562E-03  0.0000E+00  0.0000E+00  0.0000E+00  0.26470002E-03 -0.16134981E-03  0.26470002E-03
 0.1000E+16  0.6842E-03 -0.1578E-02  0.6842E-03  0.0000E+00  0.0000E+00  0.0000E+00  0.33617515E-03 -0.19977321E-03  0.33617515E-03
 0.1000E+17  0.9164E-03 -0.2027E-02  0.9164E-03  0.0000E+00  0.0000E+00  0.0000E+00  0.47341066E-03 -0.27356147E-03  0.47341066E-03
 0.1000E+18  0.1357E-02 -0.2888E-02  0.1357E-02  0.0000E+00  0.0000E+00  0.0000E+00  0.74980817E-03 -0.42229339E-03  0.74980817E-03
 0.1000E+19  0.2176E-02 -0.4510E-02  0.2176E-02  0.0000E+00  0.0000E+00  0.0000E+00  0.12810370E-02 -0.70771181E-03  0.12810370E-02
 0.1000E+20  0.3658E-02 -0.7464E-02  0.3658E-02  0.0000E+00  0.0000E+00  0.0000E+00  0.22478710E-02 -0.12242847E-02  0.22478710E-02
 0.1000E+21  0.5897E-02 -0.1194E-01  0.5897E-02  0.0000E+00  0.0000E+00  0.0000E+00  0.37133326E-02 -0.19994250E-02  0.37133326E-02
