 Eps N1  
    Times       ex          ey          ez          ex_th       ey_th       ez_th       ux(N1)      uy(N1)      uz(N1)  
 0.1000E-19  0.1509E-03 -0.4362E-03  0.1509E-03  0.0000E+00  0.0000E+00  0.0000E+00  0.56178670E-04 -0.42429314E-04  0.56178670E-04
 0.1000E-18  0.1509E-03 -0.4362E-03  0.1509E-03  0.0000E+00  0.0000E+00  0.0000E+00  0.56178550E-04 -0.42429399E-04  0.56178550E-04
 0.1000E-17  0.1509E-03 -0.4362E-03  0.1509E-03  0.0000E+00  0.0000E+00  0.0000E+00  0.56178550E-04 -0.42429399E-04  0.56178550E-04
 0.1000E-16  0.1509E-03 -0.4362E-03  0.1509E-03  0.0000E+00  0.0000E+00  0.0000E+00  0.56178550E-04 -0.42429399E-04  0.56178550E-04
 0.1000E-15  0.1509E-03 -0.4362E-03  0.1509E-03  0.0000E+00  0.0000E+00  0.0000E+00  0.56178550E-04 -0.42429399E-04  0.56178550E-04
 0.1000E-14  0.1509E-03 -0.4362E-03  0.1509E-03  0.0000E+00  0.0000E+00  0.0000E+00  0.56178550E-04 -0.42429399E-04  0.56178550E-04
 0.1000E-13  0.1509E-03 -0.4362E-03  0.1509E-03  0.0000E+00  0.0000E+00  0.0000E+00  0.56178550E-04 -0.42429399E-04  0.56178550E-04
 0.1000E-12  0.1509E-03 -0.4362E-03  0.1509E-03  0.0000E+00  0.0000E+00  0.0000E+00  0.56178550E-04 -0.42429399E-04  0.56178550E-04
 0.1000E-11  0.1509E-03 -0.4362E-03  0.1509E-03  0.0000E+00  0.0000E+00  0.0000E+00  0.56178550E-04 -0.42429399E-04  0.56178550E-04
 0.1000E-10  0.1509E-03 -0.4362E-03  0.1509E-03  0.0000E+00  0.0000E+00  0.0000E+00  0.56178550E-04 -0.42429399E-04  0.56178550E-04
 0.1000E-09  0.1509E-03 -0.4362E-03  0.1509E-03  0.0000E+00  0.0000E+00  0.0000E+00  0.56178551E-04 -0.42429400E-04  0.56178551E-04
 0.1000E-08  0.1509E-03 -0.4362E-03  0.1509E-03  0.0000E+00  0.0000E+00  0.0000E+00  0.56178565E-04 -0.42429406E-04  0.56178565E-04
 0.1000E-07  0.1509E-03 -0.4362E-03  0.1509E-03  0.0000E+00  0.0000E+00  0.0000E+00  0.56178706E-04 -0.42429467E-04  0.56178706E-04
 0.1000E-06  0.1509E-03 -0.4362E-03  0.1509E-03  0.0000E+00  0.0000E+00  0.0000E+00  0.56180116E-04 -0.42430083E-04  0.56180116E-04
 0.1000E-05  0.1510E-03 -0.4363E-03  0.1510E-03  0.0000E+00  0.0000E+00  0.0000E+00  0.56194229E-04 -0.42436259E-04  0.56194229E-04
 0.1000E-04  0.1514E-03 -0.4369E-03  0.1514E-03  0.0000E+00  0.0000E+00  0.0000E+00  0.56338624E-04 -0.42501181E-04  0.56338624E-04
 0.1000E-03  0.1540E-03 -0.4403E-03  0.1540E-03  0.0000E+00  0.0000E+00  0.0000E+00  0.57151381E-04 -0.42867912E-04  0.57151381E-04
 0.1000E-02  0.1572E-03 -0.4447E-03  0.1572E-03  0.0000E+00  0.0000E+00  0.0000E+00  0.58188581E-04 -0.43335271E-04  0.58188581E-04
 0.1000E-01  0.1608E-03 -0.4495E-03  0.1608E-03  0.0000E+00  0.0000E+00  0.0000E+00  0.59357071E-04 -0.43861708E-04  0.59357071E-04
 0.1000E+00  0.1652E-03 -0.4556E-03  0.1652E-03  0.0000E+00  0.0000E+00  0.0000E+00  0.60815039E-04 -0.44525229E-04  0.60815039E-04
 0.1000E+01  0.1708E-03 -0.4645E-03  0.1708E-03  0.0000E+00  0.0000E+00  0.0000E+00  0.62797284E-04 -0.45508277E-04  0.62797284E-04
 0.1000E+02  0.1842E-03 -0.4939E-03  0.1842E-03  0.0000E+00  0.0000E+00  0.0000E+00  0.68469646E-04 -0.48831430E-04  0.68469646E-04
 0.1000E+03  0.2197E-03 -0.5823E-03  0.2197E-03  0.0000E+00  0.0000E+00  0.0000E+00  0.85058440E-04 -0.59028942E-04  0.85058440E-04
 0.1000E+04  0.2686E-03 -0.7042E-03  0.2686E-03  0.0000E+00  0.0000E+00  0.0000E+00  0.10894765E-03 -0.73594906E-04  0.10894765E-03
 0.1000E+05  0.3175E-03 -0.8217E-03  0.3175E-03  0.0000E+00  0.0000E+00  0.0000E+00  0.13367820E-03 -0.88328855E-04  0.13367820E-03
 0.1000E+06  0.3653E-03 -0.9312E-03  0.3653E-03  0.0000E+00  0.0000E+00  0.0000E+00  0.15872539E-03 -0.10283211E-03  0.15872539E-03
 0.1000E+07  0.4163E-03 -0.1041E-02  0.4163E-03  0.0000E+00  0.0000E+00  0.0000E+00  0.18591969E-03 -0.11813558E-03  0.18591969E-03
 0.1000E+08  0.4851E-03 -0.1180E-02  0.4851E-03  0.0000E+00  0.0000E+00  0.0000E+00  0.22270038E-03 -0.13832981E-03  0.22270038E-03
 0.1000E+09  0.5869E-03 -0.1379E-02  0.5869E-03  0.0000E+00  0.0000E+00  0.0000E+00  0.27839761E-03 -0.16852467E-03  0.27839761E-03
 0.1000E+10  0.7539E-03 -0.1703E-02  0.7539E-03  0.0000E+00  0.0000E+00  0.0000E+00  0.37390017E-03 -0.22001997E-03  0.37390017E-03
 0.1000E+11  0.1075E-02 -0.2328E-02  0.1075E-02  0.0000E+00  0.0000E+00  0.0000E+00  0.56903488E-03 -0.32511438E-03  0.56903488E-03
 0.1000E+12  0.1672E-02 -0.3503E-02  0.1672E-02  0.0000E+00  0.0000E+00  0.0000E+00  0.95044885E-03 -0.53041459E-03  0.95044885E-03
 0.1000E+13  0.2757E-02 -0.5660E-02  0.2757E-02  0.0000E+00  0.0000E+00  0.0000E+00  0.16570600E-02 -0.90940526E-03  0.16570600E-02
 0.1000E+14  0.4688E-02 -0.9515E-02  0.4688E-02  0.0000E+00  0.0000E+00  0.0000E+00  0.29189376E-02 -0.15808036E-02  0.29189376E-02
 0.1000E+15  0.6680E-02 -0.1350E-01  0.6680E-02  0.0000E+00  0.0000E+00  0.0000E+00  0.42269023E-02 -0.22692639E-02  0.42269023E-02
 0.1000E+16  0.7604E-02 -0.1535E-01  0.7604E-02  0.0000E+00  0.0000E+00  0.0000E+00  0.48334905E-02 -0.25859859E-02  0.48334905E-02
 0.1000E+17  0.8280E-02 -0.1670E-01  0.8280E-02  0.0000E+00  0.0000E+00  0.0000E+00  0.52766191E-02 -0.28163154E-02  0.52766191E-02
 0.1000E+18  0.8450E-02 -0.1704E-01  0.8450E-02  0.0000E+00  0.0000E+00  0.0000E+00  0.53881374E-02 -0.28741770E-02  0.53881453E-02
 0.1000E+19  0.8468E-02 -0.1708E-01  0.8468E-02  0.0000E+00  0.0000E+00  0.0000E+00  0.54018727E-02 -0.28813144E-02  0.54019036E-02
 0.1000E+20  0.8474E-02 -0.1709E-01  0.8474E-02  0.0000E+00  0.0000E+00  0.0000E+00  0.54066410E-02 -0.28837852E-02  0.54066832E-02
 0.1000E+21  0.8475E-02 -0.1709E-01  0.8475E-02  0.0000E+00  0.0000E+00  0.0000E+00  0.54088274E-02 -0.28849028E-02  0.54088356E-02
