 Eps N1  
    Times       ex          ey          ez          ex_th       ey_th       ez_th       ux(N1)      uy(N1)      uz(N1)  
 0.1000E-19  0.1596E-03 -0.4595E-03  0.1596E-03  0.0000E+00  0.0000E+00  0.0000E+00  0.59547620E-04 -0.44945226E-04  0.59547620E-04
 0.1000E-18  0.1631E-03 -0.4643E-03  0.1631E-03  0.0000E+00  0.0000E+00  0.0000E+00  0.60684345E-04 -0.45467532E-04  0.60684345E-04
 0.1000E-17  0.1669E-03 -0.4695E-03  0.1669E-03  0.0000E+00  0.0000E+00  0.0000E+00  0.61914471E-04 -0.46031760E-04  0.61914471E-04
 0.1000E-16  0.1714E-03 -0.4757E-03  0.1714E-03  0.0000E+00  0.0000E+00  0.0000E+00  0.63400829E-04 -0.46712379E-04  0.63400829E-04
 0.1000E-15  0.1764E-03 -0.4826E-03  0.1764E-03  0.0000E+00  0.0000E+00  0.0000E+00  0.65068260E-04 -0.47474379E-04  0.65068260E-04
 0.1000E-14  0.1822E-03 -0.4904E-03  0.1822E-03  0.0000E+00  0.0000E+00  0.0000E+00  0.66985809E-04 -0.48348924E-04  0.66985809E-04
 0.1000E-13  0.1895E-03 -0.5002E-03  0.1895E-03  0.0000E+00  0.0000E+00  0.0000E+00  0.69400939E-04 -0.49447731E-04  0.69400939E-04
 0.1000E-12  0.1973E-03 -0.5106E-03  0.1973E-03  0.0000E+00  0.0000E+00  0.0000E+00  0.72020459E-04 -0.50636326E-04  0.72020459E-04
 0.1000E-11  0.2053E-03 -0.5212E-03  0.2053E-03  0.0000E+00  0.0000E+00  0.0000E+00  0.74748928E-04 -0.51871217E-04  0.74748928E-04
 0.1000E-10  0.2144E-03 -0.5330E-03  0.2144E-03  0.0000E+00  0.0000E+00  0.0000E+00  0.77839893E-04 -0.53266606E-04  0.77839893E-04
 0.1000E-09  0.2247E-03 -0.5463E-03  0.2247E-03  0.0000E+00  0.0000E+00  0.0000E+00  0.81412932E-04 -0.54875434E-04  0.81412932E-04
 0.1000E-08  0.2388E-03 -0.5644E-03  0.2388E-03  0.0000E+00  0.0000E+00  0.0000E+00  0.86428858E-04 -0.57127191E-04  0.86428858E-04
 0.1000E-07  0.2568E-03 -0.5868E-03  0.2568E-03  0.0000E+00  0.0000E+00  0.0000E+00  0.93004959E-04 -0.60068534E-04  0.93004959E-04
 0.1000E-06  0.2780E-03 -0.6124E-03  0.2780E-03  0.0000E+00  0.0000E+00  0.0000E+00  0.10123482E-03 -0.63734820E-04  0.10123482E-03
 0.1000E-05  0.3008E-03 -0.6383E-03  0.3008E-03  0.0000E+00  0.0000E+00  0.0000E+00  0.11106949E-03 -0.68097662E-04  0.11106949E-03
 0.1000E-04  0.3167E-03 -0.6544E-03  0.3167E-03  0.0000E+00  0.0000E+00  0.0000E+00  0.11929056E-03 -0.71732674E-04  0.11929056E-03
 0.1000E-03  0.3250E-03 -0.6614E-03  0.3250E-03  0.0000E+00  0.0000E+00  0.0000E+00  0.12486626E-03 -0.74221406E-04  0.12486626E-03
 0.1000E-02  0.3334E-03 -0.6730E-03  0.3334E-03  0.0000E+00  0.0000E+00  0.0000E+00  0.13108514E-03 -0.77314695E-04  0.13108514E-03
 0.1000E-01  0.3789E-03 -0.7630E-03  0.3789E-03  0.0000E+00  0.0000E+00  0.0000E+00  0.15670093E-03 -0.91368274E-04  0.15670093E-03
 0.1000E+00  0.5490E-03 -0.1105E-02  0.5490E-03  0.0000E+00  0.0000E+00  0.0000E+00  0.25283111E-03 -0.14433411E-03  0.25283111E-03
 0.1000E+01  0.9128E-03 -0.1836E-02  0.9128E-03  0.0000E+00  0.0000E+00  0.0000E+00  0.47899606E-03 -0.26802292E-03  0.47899606E-03
 0.1000E+02  0.1671E-02 -0.3362E-02  0.1671E-02  0.0000E+00  0.0000E+00  0.0000E+00  0.96859319E-03 -0.53370266E-03  0.96859319E-03
 0.1000E+03  0.3007E-02 -0.6054E-02  0.3007E-02  0.0000E+00  0.0000E+00  0.0000E+00  0.18248996E-02 -0.99486465E-03  0.18248996E-02
 0.1000E+04  0.4454E-02 -0.8971E-02  0.4454E-02  0.0000E+00  0.0000E+00  0.0000E+00  0.27652568E-02 -0.14969287E-02  0.27652568E-02
 0.1000E+05  0.5662E-02 -0.1141E-01  0.5662E-02  0.0000E+00  0.0000E+00  0.0000E+00  0.35727143E-02 -0.19245965E-02  0.35727143E-02
 0.1000E+06  0.6565E-02 -0.1323E-01  0.6565E-02  0.0000E+00  0.0000E+00  0.0000E+00  0.41764711E-02 -0.22423697E-02  0.41764711E-02
 0.1000E+07  0.7172E-02 -0.1446E-01  0.7172E-02  0.0000E+00  0.0000E+00  0.0000E+00  0.45749972E-02 -0.24512031E-02  0.45749972E-02
 0.1000E+08  0.7579E-02 -0.1528E-01  0.7579E-02  0.0000E+00  0.0000E+00  0.0000E+00  0.48391374E-02 -0.25892138E-02  0.48391374E-02
 0.1000E+09  0.7882E-02 -0.1589E-01  0.7882E-02  0.0000E+00  0.0000E+00  0.0000E+00  0.50342541E-02 -0.26909538E-02  0.50342541E-02
 0.1000E+10  0.8089E-02 -0.1630E-01  0.8089E-02  0.0000E+00  0.0000E+00  0.0000E+00  0.51664619E-02 -0.27597910E-02  0.51664619E-02
 0.1000E+11  0.8229E-02 -0.1659E-01  0.8229E-02  0.0000E+00  0.0000E+00  0.0000E+00  0.52559172E-02 -0.28063222E-02  0.52559172E-02
 0.1000E+12  0.8322E-02 -0.1678E-01  0.8322E-02  0.0000E+00  0.0000E+00  0.0000E+00  0.53144639E-02 -0.28367549E-02  0.53144639E-02
 0.1000E+13  0.8383E-02 -0.1690E-01  0.8383E-02  0.0000E+00  0.0000E+00  0.0000E+00  0.53527836E-02 -0.28566648E-02  0.53527836E-02
 0.1000E+14  0.8424E-02 -0.1698E-01  0.8424E-02  0.0000E+00  0.0000E+00  0.0000E+00  0.53782574E-02 -0.28698970E-02  0.53782574E-02
 0.1000E+15  0.8453E-02 -0.1704E-01  0.8453E-02  0.0000E+00  0.0000E+00  0.0000E+00  0.53949171E-02 -0.28785489E-02  0.53949171E-02
 0.1000E+16  0.8471E-02 -0.1708E-01  0.8471E-02  0.0000E+00  0.0000E+00  0.0000E+00  0.54050020E-02 -0.28837833E-02  0.54050020E-02
 0.1000E+17  0.8491E-02 -0.1712E-01  0.8491E-02  0.0000E+00  0.0000E+00  0.0000E+00  0.54127491E-02 -0.28877862E-02  0.54127490E-02
 0.1000E+18  0.8495E-02 -0.1713E-01  0.8495E-02  0.0000E+00  0.0000E+00  0.0000E+00  0.54181173E-02 -0.28905521E-02  0.54181171E-02
 0.1000E+19  0.8497E-02 -0.1713E-01  0.8497E-02  0.0000E+00  0.0000E+00  0.0000E+00  0.54201014E-02 -0.28915735E-02  0.54201014E-02
 0.1000E+20  0.8499E-02 -0.1714E-01  0.8499E-02  0.0000E+00  0.0000E+00  0.0000E+00  0.54222239E-02 -0.28926696E-02  0.54222235E-02
 0.1000E+21  0.8504E-02 -0.1715E-01  0.8504E-02  0.0000E+00  0.0000E+00  0.0000E+00  0.54246589E-02 -0.28939543E-02  0.54246568E-02
