 Eps N1  
    Times       ex          ey          ez          ex_th       ey_th       ez_th       ux(N1)      uy(N1)      uz(N1)  
 0.1000E-19  0.1525E-03 -0.4413E-03  0.1525E-03  0.0000E+00  0.0000E+00  0.0000E+00  0.56834655E-04 -0.42976273E-04  0.56834655E-04
 0.1000E-18  0.1525E-03 -0.4413E-03  0.1525E-03  0.0000E+00  0.0000E+00  0.0000E+00  0.56834532E-04 -0.42976355E-04  0.56834532E-04
 0.1000E-17  0.1525E-03 -0.4413E-03  0.1525E-03  0.0000E+00  0.0000E+00  0.0000E+00  0.56834532E-04 -0.42976355E-04  0.56834532E-04
 0.1000E-16  0.1525E-03 -0.4413E-03  0.1525E-03  0.0000E+00  0.0000E+00  0.0000E+00  0.56834532E-04 -0.42976355E-04  0.56834532E-04
 0.1000E-15  0.1525E-03 -0.4413E-03  0.1525E-03  0.0000E+00  0.0000E+00  0.0000E+00  0.56834533E-04 -0.42976355E-04  0.56834533E-04
 0.1000E-14  0.1525E-03 -0.4413E-03  0.1525E-03  0.0000E+00  0.0000E+00  0.0000E+00  0.56834536E-04 -0.42976357E-04  0.56834536E-04
 0.1000E-13  0.1525E-03 -0.4413E-03  0.1525E-03  0.0000E+00  0.0000E+00  0.0000E+00  0.56834575E-04 -0.42976373E-04  0.56834575E-04
 0.1000E-12  0.1525E-03 -0.4413E-03  0.1525E-03  0.0000E+00  0.0000E+00  0.0000E+00  0.56834957E-04 -0.42976542E-04  0.56834957E-04
 0.1000E-11  0.1525E-03 -0.4413E-03  0.1525E-03  0.0000E+00  0.0000E+00  0.0000E+00  0.56838779E-04 -0.42978222E-04  0.56838779E-04
 0.1000E-10  0.1526E-03 -0.4415E-03  0.1526E-03  0.0000E+00  0.0000E+00  0.0000E+00  0.56877966E-04 -0.42995674E-04  0.56877966E-04
 0.1000E-09  0.1537E-03 -0.4430E-03  0.1537E-03  0.0000E+00  0.0000E+00  0.0000E+00  0.57230017E-04 -0.43155311E-04  0.57230017E-04
 0.1000E-08  0.1569E-03 -0.4473E-03  0.1569E-03  0.0000E+00  0.0000E+00  0.0000E+00  0.58267270E-04 -0.43625411E-04  0.58267270E-04
 0.1000E-07  0.1603E-03 -0.4520E-03  0.1603E-03  0.0000E+00  0.0000E+00  0.0000E+00  0.59371128E-04 -0.44124903E-04  0.59371128E-04
 0.1000E-06  0.1643E-03 -0.4573E-03  0.1643E-03  0.0000E+00  0.0000E+00  0.0000E+00  0.60668026E-04 -0.44710811E-04  0.60668026E-04
 0.1000E-05  0.1691E-03 -0.4638E-03  0.1691E-03  0.0000E+00  0.0000E+00  0.0000E+00  0.62230448E-04 -0.45415316E-04  0.62230448E-04
 0.1000E-04  0.1741E-03 -0.4705E-03  0.1741E-03  0.0000E+00  0.0000E+00  0.0000E+00  0.63868795E-04 -0.46152487E-04  0.63868795E-04
 0.1000E-03  0.1806E-03 -0.4791E-03  0.1806E-03  0.0000E+00  0.0000E+00  0.0000E+00  0.66003217E-04 -0.47110789E-04  0.66003217E-04
 0.1000E-02  0.1879E-03 -0.4887E-03  0.1879E-03  0.0000E+00  0.0000E+00  0.0000E+00  0.68424667E-04 -0.48195584E-04  0.68424667E-04
 0.1000E-01  0.1953E-03 -0.4985E-03  0.1953E-03  0.0000E+00  0.0000E+00  0.0000E+00  0.70921085E-04 -0.49318378E-04  0.70921085E-04
 0.1000E+00  0.2045E-03 -0.5117E-03  0.2045E-03  0.0000E+00  0.0000E+00  0.0000E+00  0.74172604E-04 -0.50860803E-04  0.74172604E-04
 0.1000E+01  0.2230E-03 -0.5481E-03  0.2230E-03  0.0000E+00  0.0000E+00  0.0000E+00  0.81948222E-04 -0.55175717E-04  0.81948222E-04
 0.1000E+02  0.2770E-03 -0.6682E-03  0.2770E-03  0.0000E+00  0.0000E+00  0.0000E+00  0.10675181E-03 -0.69663005E-04  0.10675181E-03
 0.1000E+03  0.3689E-03 -0.8689E-03  0.3689E-03  0.0000E+00  0.0000E+00  0.0000E+00  0.15128372E-03 -0.95269909E-04  0.15128372E-03
 0.1000E+04  0.4936E-03 -0.1128E-02  0.4936E-03  0.0000E+00  0.0000E+00  0.0000E+00  0.21616651E-03 -0.13153097E-03  0.21616651E-03
 0.1000E+05  0.6815E-03 -0.1503E-02  0.6815E-03  0.0000E+00  0.0000E+00  0.0000E+00  0.32323253E-03 -0.19004342E-03  0.32323253E-03
 0.1000E+06  0.1022E-02 -0.2175E-02  0.1022E-02  0.0000E+00  0.0000E+00  0.0000E+00  0.53298315E-03 -0.30370252E-03  0.53298315E-03
 0.1000E+07  0.1671E-02 -0.3466E-02  0.1671E-02  0.0000E+00  0.0000E+00  0.0000E+00  0.95062984E-03 -0.52910024E-03  0.95062984E-03
 0.1000E+08  0.2892E-02 -0.5900E-02  0.2892E-02  0.0000E+00  0.0000E+00  0.0000E+00  0.17460282E-02 -0.95598748E-03  0.17460282E-02
 0.1000E+09  0.4934E-02 -0.9984E-02  0.4934E-02  0.0000E+00  0.0000E+00  0.0000E+00  0.30861554E-02 -0.16686358E-02  0.30861554E-02
 0.1000E+10  0.6577E-02 -0.1328E-01  0.6577E-02  0.0000E+00  0.0000E+00  0.0000E+00  0.41692426E-02 -0.22387833E-02  0.41692426E-02
 0.1000E+11  0.7445E-02 -0.1502E-01  0.7445E-02  0.0000E+00  0.0000E+00  0.0000E+00  0.47398410E-02 -0.25370801E-02  0.47398410E-02
 0.1000E+12  0.8103E-02 -0.1633E-01  0.8103E-02  0.0000E+00  0.0000E+00  0.0000E+00  0.51700068E-02 -0.27609973E-02  0.51700068E-02
 0.1000E+13  0.8254E-02 -0.1664E-01  0.8254E-02  0.0000E+00  0.0000E+00  0.0000E+00  0.52668893E-02 -0.28113942E-02  0.52668893E-02
 0.1000E+14  0.8335E-02 -0.1680E-01  0.8335E-02  0.0000E+00  0.0000E+00  0.0000E+00  0.53183671E-02 -0.28381565E-02  0.53183671E-02
 0.1000E+15  0.8386E-02 -0.1690E-01  0.8386E-02  0.0000E+00  0.0000E+00  0.0000E+00  0.53508907E-02 -0.28550578E-02  0.53508907E-02
 0.1000E+16  0.8421E-02 -0.1698E-01  0.8421E-02  0.0000E+00  0.0000E+00  0.0000E+00  0.53730871E-02 -0.28665904E-02  0.53730871E-02
 0.1000E+17  0.8446E-02 -0.1703E-01  0.8446E-02  0.0000E+00  0.0000E+00  0.0000E+00  0.53889929E-02 -0.28748531E-02  0.53889929E-02
 0.1000E+18  0.8468E-02 -0.1707E-01  0.8468E-02  0.0000E+00  0.0000E+00  0.0000E+00  0.53993075E-02 -0.28801996E-02  0.53993075E-02
 0.1000E+19  0.8476E-02 -0.1709E-01  0.8476E-02  0.0000E+00  0.0000E+00  0.0000E+00  0.54056931E-02 -0.28834909E-02  0.54056932E-02
 0.1000E+20  0.8478E-02 -0.1710E-01  0.8478E-02  0.0000E+00  0.0000E+00  0.0000E+00  0.54087791E-02 -0.28850810E-02  0.54087797E-02
 0.1000E+21  0.8480E-02 -0.1710E-01  0.8480E-02  0.0000E+00  0.0000E+00  0.0000E+00  0.54107833E-02 -0.28861139E-02  0.54107821E-02
