 Eps N1  
    Times       ex          ey          ez          ex_th       ey_th       ez_th       ux(N1)      uy(N1)      uz(N1)  
 0.1000E-19  0.1497E-03 -0.4322E-03  0.1497E-03  0.0000E+00  0.0000E+00  0.0000E+00  0.55650299E-04 -0.41991231E-04  0.55650299E-04
 0.1000E-18  0.1497E-03 -0.4322E-03  0.1497E-03  0.0000E+00  0.0000E+00  0.0000E+00  0.55650180E-04 -0.41991319E-04  0.55650180E-04
 0.1000E-17  0.1497E-03 -0.4322E-03  0.1497E-03  0.0000E+00  0.0000E+00  0.0000E+00  0.55650180E-04 -0.41991319E-04  0.55650180E-04
 0.1000E-16  0.1497E-03 -0.4322E-03  0.1497E-03  0.0000E+00  0.0000E+00  0.0000E+00  0.55650180E-04 -0.41991319E-04  0.55650180E-04
 0.1000E-15  0.1497E-03 -0.4322E-03  0.1497E-03  0.0000E+00  0.0000E+00  0.0000E+00  0.55650180E-04 -0.41991319E-04  0.55650180E-04
 0.1000E-14  0.1497E-03 -0.4322E-03  0.1497E-03  0.0000E+00  0.0000E+00  0.0000E+00  0.55650180E-04 -0.41991319E-04  0.55650180E-04
 0.1000E-13  0.1497E-03 -0.4322E-03  0.1497E-03  0.0000E+00  0.0000E+00  0.0000E+00  0.55650180E-04 -0.41991319E-04  0.55650180E-04
 0.1000E-12  0.1497E-03 -0.4322E-03  0.1497E-03  0.0000E+00  0.0000E+00  0.0000E+00  0.55650180E-04 -0.41991319E-04  0.55650180E-04
 0.1000E-11  0.1497E-03 -0.4322E-03  0.1497E-03  0.0000E+00  0.0000E+00  0.0000E+00  0.55650180E-04 -0.41991319E-04  0.55650180E-04
 0.1000E-10  0.1497E-03 -0.4322E-03  0.1497E-03  0.0000E+00  0.0000E+00  0.0000E+00  0.55650180E-04 -0.41991319E-04  0.55650180E-04
 0.1000E-09  0.1497E-03 -0.4322E-03  0.1497E-03  0.0000E+00  0.0000E+00  0.0000E+00  0.55650180E-04 -0.41991319E-04  0.55650180E-04
 0.1000E-08  0.1497E-03 -0.4322E-03  0.1497E-03  0.0000E+00  0.0000E+00  0.0000E+00  0.55650180E-04 -0.41991319E-04  0.55650180E-04
 0.1000E-07  0.1497E-03 -0.4322E-03  0.1497E-03  0.0000E+00  0.0000E+00  0.0000E+00  0.55650180E-04 -0.41991319E-04  0.55650180E-04
 0.1000E-06  0.1497E-03 -0.4322E-03  0.1497E-03  0.0000E+00  0.0000E+00  0.0000E+00  0.55650181E-04 -0.41991320E-04  0.55650181E-04
 0.1000E-05  0.1497E-03 -0.4322E-03  0.1497E-03  0.0000E+00  0.0000E+00  0.0000E+00  0.55650197E-04 -0.41991327E-04  0.55650197E-04
 0.1000E-04  0.1497E-03 -0.4322E-03  0.1497E-03  0.0000E+00  0.0000E+00  0.0000E+00  0.55650352E-04 -0.41991394E-04  0.55650352E-04
 0.1000E-03  0.1497E-03 -0.4322E-03  0.1497E-03  0.0000E+00  0.0000E+00  0.0000E+00  0.55651900E-04 -0.41992068E-04  0.55651900E-04
 0.1000E-02  0.1497E-03 -0.4323E-03  0.1497E-03  0.0000E+00  0.0000E+00  0.0000E+00  0.55667426E-04 -0.41998844E-04  0.55667426E-04
 0.1000E-01  0.1502E-03 -0.4329E-03  0.1502E-03  0.0000E+00  0.0000E+00  0.0000E+00  0.55825147E-04 -0.42069626E-04  0.55825147E-04
 0.1000E+00  0.1528E-03 -0.4365E-03  0.1528E-03  0.0000E+00  0.0000E+00  0.0000E+00  0.56666345E-04 -0.42449022E-04  0.56666345E-04
 0.1000E+01  0.1561E-03 -0.4411E-03  0.1561E-03  0.0000E+00  0.0000E+00  0.0000E+00  0.57755832E-04 -0.42952678E-04  0.57755832E-04
 0.1000E+02  0.1611E-03 -0.4500E-03  0.1611E-03  0.0000E+00  0.0000E+00  0.0000E+00  0.59596524E-04 -0.43928399E-04  0.59596524E-04
 0.1000E+03  0.1755E-03 -0.4851E-03  0.1755E-03  0.0000E+00  0.0000E+00  0.0000E+00  0.66001522E-04 -0.47859110E-04  0.66001522E-04
 0.1000E+04  0.2081E-03 -0.5719E-03  0.2081E-03  0.0000E+00  0.0000E+00  0.0000E+00  0.81737074E-04 -0.57795161E-04  0.81737074E-04
 0.1000E+05  0.2479E-03 -0.6758E-03  0.2479E-03  0.0000E+00  0.0000E+00  0.0000E+00  0.10151488E-03 -0.70082320E-04  0.10151488E-03
 0.1000E+06  0.2873E-03 -0.7733E-03  0.2873E-03  0.0000E+00  0.0000E+00  0.0000E+00  0.12148233E-03 -0.82124762E-04  0.12148233E-03
 0.1000E+07  0.3241E-03 -0.8603E-03  0.3241E-03  0.0000E+00  0.0000E+00  0.0000E+00  0.14067901E-03 -0.93385185E-04  0.14067901E-03
 0.1000E+08  0.3596E-03 -0.9398E-03  0.3596E-03  0.0000E+00  0.0000E+00  0.0000E+00  0.15946743E-03 -0.10412040E-03  0.15946743E-03
 0.1000E+09  0.3974E-03 -0.1020E-02  0.3974E-03  0.0000E+00  0.0000E+00  0.0000E+00  0.17943981E-03 -0.11528049E-03  0.17943981E-03
 0.1000E+10  0.4426E-03 -0.1111E-02  0.4426E-03  0.0000E+00  0.0000E+00  0.0000E+00  0.20314354E-03 -0.12827291E-03  0.20314354E-03
 0.1000E+11  0.5093E-03 -0.1241E-02  0.5093E-03  0.0000E+00  0.0000E+00  0.0000E+00  0.23831992E-03 -0.14731199E-03  0.23831992E-03
 0.1000E+12  0.6122E-03 -0.1439E-02  0.6122E-03  0.0000E+00  0.0000E+00  0.0000E+00  0.29441035E-03 -0.17752600E-03  0.29441035E-03
 0.1000E+13  0.7856E-03 -0.1773E-02  0.7856E-03  0.0000E+00  0.0000E+00  0.0000E+00  0.39391463E-03 -0.23105189E-03  0.39391463E-03
 0.1000E+14  0.1123E-02 -0.2428E-02  0.1123E-02  0.0000E+00  0.0000E+00  0.0000E+00  0.59980752E-03 -0.34184894E-03  0.59980752E-03
 0.1000E+15  0.1750E-02 -0.3664E-02  0.1750E-02  0.0000E+00  0.0000E+00  0.0000E+00  0.10018487E-02 -0.55812673E-03  0.10018487E-02
 0.1000E+16  0.2886E-02 -0.5921E-02  0.2886E-02  0.0000E+00  0.0000E+00  0.0000E+00  0.17418814E-02 -0.95476761E-03  0.17418814E-02
 0.1000E+17  0.4891E-02 -0.9926E-02  0.4891E-02  0.0000E+00  0.0000E+00  0.0000E+00  0.30512695E-02 -0.16507619E-02  0.30512695E-02
 0.1000E+18  0.6840E-02 -0.1382E-01  0.6840E-02  0.0000E+00  0.0000E+00  0.0000E+00  0.43321313E-02 -0.23242275E-02  0.43321313E-02
 0.1000E+19  0.7692E-02 -0.1553E-01  0.7692E-02  0.0000E+00  0.0000E+00  0.0000E+00  0.48944767E-02 -0.26176115E-02  0.48944767E-02
 0.1000E+20  0.8343E-02 -0.1683E-01  0.8343E-02  0.0000E+00  0.0000E+00  0.0000E+00  0.53228771E-02 -0.28401691E-02  0.53228771E-02
 0.1000E+21  0.8465E-02 -0.1707E-01  0.8465E-02  0.0000E+00  0.0000E+00  0.0000E+00  0.54032815E-02 -0.28818604E-02  0.54032815E-02
