 Eps N1  
    Times       ex          ey          ez          ex_th       ey_th       ez_th       ux(N1)      uy(N1)      uz(N1)  
 0.1000E-19  0.1551E-03 -0.4494E-03  0.1551E-03  0.0000E+00  0.0000E+00  0.0000E+00  0.57885294E-04 -0.43852140E-04  0.57885294E-04
 0.1000E-18  0.1556E-03 -0.4501E-03  0.1556E-03  0.0000E+00  0.0000E+00  0.0000E+00  0.58061696E-04 -0.43932721E-04  0.58061696E-04
 0.1000E-17  0.1584E-03 -0.4540E-03  0.1584E-03  0.0000E+00  0.0000E+00  0.0000E+00  0.58971916E-04 -0.44348675E-04  0.58971916E-04
 0.1000E-16  0.1618E-03 -0.4586E-03  0.1618E-03  0.0000E+00  0.0000E+00  0.0000E+00  0.60068727E-04 -0.44849128E-04  0.60068727E-04
 0.1000E-15  0.1656E-03 -0.4638E-03  0.1656E-03  0.0000E+00  0.0000E+00  0.0000E+00  0.61311807E-04 -0.45415466E-04  0.61311807E-04
 0.1000E-14  0.1702E-03 -0.4701E-03  0.1702E-03  0.0000E+00  0.0000E+00  0.0000E+00  0.62828091E-04 -0.46105061E-04  0.62828091E-04
 0.1000E-13  0.1752E-03 -0.4768E-03  0.1752E-03  0.0000E+00  0.0000E+00  0.0000E+00  0.64452923E-04 -0.46842479E-04  0.64452923E-04
 0.1000E-12  0.1812E-03 -0.4849E-03  0.1812E-03  0.0000E+00  0.0000E+00  0.0000E+00  0.66442162E-04 -0.47743446E-04  0.66442162E-04
 0.1000E-11  0.1884E-03 -0.4945E-03  0.1884E-03  0.0000E+00  0.0000E+00  0.0000E+00  0.68840258E-04 -0.48826793E-04  0.68840258E-04
 0.1000E-10  0.1959E-03 -0.5044E-03  0.1959E-03  0.0000E+00  0.0000E+00  0.0000E+00  0.71366627E-04 -0.49964990E-04  0.71366627E-04
 0.1000E-09  0.2039E-03 -0.5149E-03  0.2039E-03  0.0000E+00  0.0000E+00  0.0000E+00  0.74078917E-04 -0.51183883E-04  0.74078917E-04
 0.1000E-08  0.2128E-03 -0.5264E-03  0.2128E-03  0.0000E+00  0.0000E+00  0.0000E+00  0.77105349E-04 -0.52540394E-04  0.77105349E-04
 0.1000E-07  0.2235E-03 -0.5401E-03  0.2235E-03  0.0000E+00  0.0000E+00  0.0000E+00  0.80802902E-04 -0.54193355E-04  0.80802902E-04
 0.1000E-06  0.2379E-03 -0.5582E-03  0.2379E-03  0.0000E+00  0.0000E+00  0.0000E+00  0.85920608E-04 -0.56473826E-04  0.85920608E-04
 0.1000E-05  0.2559E-03 -0.5804E-03  0.2559E-03  0.0000E+00  0.0000E+00  0.0000E+00  0.92551165E-04 -0.59417222E-04  0.92551165E-04
 0.1000E-04  0.2769E-03 -0.6053E-03  0.2769E-03  0.0000E+00  0.0000E+00  0.0000E+00  0.10083407E-03 -0.63079295E-04  0.10083407E-03
 0.1000E-03  0.2983E-03 -0.6288E-03  0.2983E-03  0.0000E+00  0.0000E+00  0.0000E+00  0.11029205E-03 -0.67247236E-04  0.11029205E-03
 0.1000E-02  0.3130E-03 -0.6442E-03  0.3130E-03  0.0000E+00  0.0000E+00  0.0000E+00  0.11823982E-03 -0.70803444E-04  0.11823982E-03
 0.1000E-01  0.3322E-03 -0.6746E-03  0.3322E-03  0.0000E+00  0.0000E+00  0.0000E+00  0.12953878E-03 -0.76565616E-04  0.12953878E-03
 0.1000E+00  0.4167E-03 -0.8407E-03  0.4167E-03  0.0000E+00  0.0000E+00  0.0000E+00  0.17731505E-03 -0.10272671E-03  0.17731505E-03
 0.1000E+01  0.6567E-03 -0.1322E-02  0.6567E-03  0.0000E+00  0.0000E+00  0.0000E+00  0.31853965E-03 -0.18024458E-03  0.31853965E-03
 0.1000E+02  0.1132E-02 -0.2280E-02  0.1132E-02  0.0000E+00  0.0000E+00  0.0000E+00  0.62252290E-03 -0.34592006E-03  0.62252290E-03
 0.1000E+03  0.2133E-02 -0.4294E-02  0.2133E-02  0.0000E+00  0.0000E+00  0.0000E+00  0.12667391E-02 -0.69444511E-03  0.12667391E-02
 0.1000E+04  0.3633E-02 -0.7317E-02  0.3633E-02  0.0000E+00  0.0000E+00  0.0000E+00  0.22307687E-02 -0.12117784E-02  0.22307687E-02
 0.1000E+05  0.4989E-02 -0.1005E-01  0.4989E-02  0.0000E+00  0.0000E+00  0.0000E+00  0.31226906E-02 -0.16863146E-02  0.31226906E-02
 0.1000E+06  0.6075E-02 -0.1224E-01  0.6075E-02  0.0000E+00  0.0000E+00  0.0000E+00  0.38514374E-02 -0.20712009E-02  0.38514374E-02
 0.1000E+07  0.6834E-02 -0.1378E-01  0.6834E-02  0.0000E+00  0.0000E+00  0.0000E+00  0.43555132E-02 -0.23359824E-02  0.43555132E-02
 0.1000E+08  0.7374E-02 -0.1486E-01  0.7374E-02  0.0000E+00  0.0000E+00  0.0000E+00  0.47080441E-02 -0.25204650E-02  0.47080441E-02
 0.1000E+09  0.7721E-02 -0.1556E-01  0.7721E-02  0.0000E+00  0.0000E+00  0.0000E+00  0.49322429E-02 -0.26374934E-02  0.49322429E-02
 0.1000E+10  0.7976E-02 -0.1608E-01  0.7976E-02  0.0000E+00  0.0000E+00  0.0000E+00  0.50962962E-02 -0.27229797E-02  0.50962962E-02
 0.1000E+11  0.8150E-02 -0.1643E-01  0.8150E-02  0.0000E+00  0.0000E+00  0.0000E+00  0.52071833E-02 -0.27806910E-02  0.52071833E-02
 0.1000E+12  0.8270E-02 -0.1667E-01  0.8270E-02  0.0000E+00  0.0000E+00  0.0000E+00  0.52830066E-02 -0.28201202E-02  0.52830066E-02
 0.1000E+13  0.8348E-02 -0.1683E-01  0.8348E-02  0.0000E+00  0.0000E+00  0.0000E+00  0.53319841E-02 -0.28455743E-02  0.53319841E-02
 0.1000E+14  0.8399E-02 -0.1693E-01  0.8399E-02  0.0000E+00  0.0000E+00  0.0000E+00  0.53641057E-02 -0.28622626E-02  0.53641057E-02
 0.1000E+15  0.8434E-02 -0.1700E-01  0.8434E-02  0.0000E+00  0.0000E+00  0.0000E+00  0.53855952E-02 -0.28734246E-02  0.53855952E-02
 0.1000E+16  0.8458E-02 -0.1705E-01  0.8458E-02  0.0000E+00  0.0000E+00  0.0000E+00  0.53990675E-02 -0.28804204E-02  0.53990675E-02
 0.1000E+17  0.8477E-02 -0.1709E-01  0.8477E-02  0.0000E+00  0.0000E+00  0.0000E+00  0.54074007E-02 -0.28847412E-02  0.54074007E-02
 0.1000E+18  0.8490E-02 -0.1712E-01  0.8490E-02  0.0000E+00  0.0000E+00  0.0000E+00  0.54148082E-02 -0.28885615E-02  0.54148082E-02
 0.1000E+19  0.8493E-02 -0.1713E-01  0.8493E-02  0.0000E+00  0.0000E+00  0.0000E+00  0.54184633E-02 -0.28904441E-02  0.54184633E-02
 0.1000E+20  0.8494E-02 -0.1713E-01  0.8494E-02  0.0000E+00  0.0000E+00  0.0000E+00  0.54203962E-02 -0.28914400E-02  0.54203960E-02
 0.1000E+21  0.8498E-02 -0.1714E-01  0.8498E-02  0.0000E+00  0.0000E+00  0.0000E+00  0.54227235E-02 -0.28926450E-02  0.54227211E-02
