 Eps N1  
    Times       ex          ey          ez          ex_th       ey_th       ez_th       ux(N1)      uy(N1)      uz(N1)  
 0.1000E-19  0.1485E-03 -0.4283E-03  0.1485E-03  0.0000E+00  0.0000E+00  0.0000E+00  0.55137697E-04 -0.41568293E-04  0.55137697E-04
 0.1000E-18  0.1485E-03 -0.4283E-03  0.1485E-03  0.0000E+00  0.0000E+00  0.0000E+00  0.55137580E-04 -0.41568384E-04  0.55137580E-04
 0.1000E-17  0.1485E-03 -0.4283E-03  0.1485E-03  0.0000E+00  0.0000E+00  0.0000E+00  0.55137580E-04 -0.41568384E-04  0.55137580E-04
 0.1000E-16  0.1485E-03 -0.4283E-03  0.1485E-03  0.0000E+00  0.0000E+00  0.0000E+00  0.55137580E-04 -0.41568384E-04  0.55137580E-04
 0.1000E-15  0.1485E-03 -0.4283E-03  0.1485E-03  0.0000E+00  0.0000E+00  0.0000E+00  0.55137580E-04 -0.41568384E-04  0.55137580E-04
 0.1000E-14  0.1485E-03 -0.4283E-03  0.1485E-03  0.0000E+00  0.0000E+00  0.0000E+00  0.55137580E-04 -0.41568384E-04  0.55137580E-04
 0.1000E-13  0.1485E-03 -0.4283E-03  0.1485E-03  0.0000E+00  0.0000E+00  0.0000E+00  0.55137580E-04 -0.41568384E-04  0.55137580E-04
 0.1000E-12  0.1485E-03 -0.4283E-03  0.1485E-03  0.0000E+00  0.0000E+00  0.0000E+00  0.55137580E-04 -0.41568384E-04  0.55137580E-04
 0.1000E-11  0.1485E-03 -0.4283E-03  0.1485E-03  0.0000E+00  0.0000E+00  0.0000E+00  0.55137580E-04 -0.41568384E-04  0.55137580E-04
 0.1000E-10  0.1485E-03 -0.4283E-03  0.1485E-03  0.0000E+00  0.0000E+00  0.0000E+00  0.55137580E-04 -0.41568384E-04  0.55137580E-04
 0.1000E-09  0.1485E-03 -0.4283E-03  0.1485E-03  0.0000E+00  0.0000E+00  0.0000E+00  0.55137580E-04 -0.41568384E-04  0.55137580E-04
 0.1000E-08  0.1485E-03 -0.4283E-03  0.1485E-03  0.0000E+00  0.0000E+00  0.0000E+00  0.55137580E-04 -0.41568384E-04  0.55137580E-04
 0.1000E-07  0.1485E-03 -0.4283E-03  0.1485E-03  0.0000E+00  0.0000E+00  0.0000E+00  0.55137580E-04 -0.41568384E-04  0.55137580E-04
 0.1000E-06  0.1485E-03 -0.4283E-03  0.1485E-03  0.0000E+00  0.0000E+00  0.0000E+00  0.55137580E-04 -0.41568384E-04  0.55137580E-04
 0.1000E-05  0.1485E-03 -0.4283E-03  0.1485E-03  0.0000E+00  0.0000E+00  0.0000E+00  0.55137580E-04 -0.41568384E-04  0.55137580E-04
 0.1000E-04  0.1485E-03 -0.4283E-03  0.1485E-03  0.0000E+00  0.0000E+00  0.0000E+00  0.55137582E-04 -0.41568385E-04  0.55137582E-04
 0.1000E-03  0.1485E-03 -0.4283E-03  0.1485E-03  0.0000E+00  0.0000E+00  0.0000E+00  0.55137599E-04 -0.41568392E-04  0.55137599E-04
 0.1000E-02  0.1485E-03 -0.4283E-03  0.1485E-03  0.0000E+00  0.0000E+00  0.0000E+00  0.55137769E-04 -0.41568468E-04  0.55137769E-04
 0.1000E-01  0.1485E-03 -0.4283E-03  0.1485E-03  0.0000E+00  0.0000E+00  0.0000E+00  0.55139469E-04 -0.41569222E-04  0.55139469E-04
 0.1000E+00  0.1485E-03 -0.4283E-03  0.1485E-03  0.0000E+00  0.0000E+00  0.0000E+00  0.55156524E-04 -0.41576814E-04  0.55156524E-04
 0.1000E+01  0.1490E-03 -0.4291E-03  0.1490E-03  0.0000E+00  0.0000E+00  0.0000E+00  0.55329400E-04 -0.41655912E-04  0.55329400E-04
 0.1000E+02  0.1518E-03 -0.4332E-03  0.1518E-03  0.0000E+00  0.0000E+00  0.0000E+00  0.56260062E-04 -0.42092666E-04  0.56260062E-04
 0.1000E+03  0.1568E-03 -0.4427E-03  0.1568E-03  0.0000E+00  0.0000E+00  0.0000E+00  0.58160879E-04 -0.43142046E-04  0.58160879E-04
 0.1000E+04  0.1719E-03 -0.4818E-03  0.1719E-03  0.0000E+00  0.0000E+00  0.0000E+00  0.65100445E-04 -0.47499009E-04  0.65100445E-04
 0.1000E+05  0.2041E-03 -0.5691E-03  0.2041E-03  0.0000E+00  0.0000E+00  0.0000E+00  0.80782508E-04 -0.57475681E-04  0.80782508E-04
 0.1000E+06  0.2401E-03 -0.6655E-03  0.2401E-03  0.0000E+00  0.0000E+00  0.0000E+00  0.98895129E-04 -0.68839493E-04  0.98895129E-04
 0.1000E+07  0.2739E-03 -0.7518E-03  0.2739E-03  0.0000E+00  0.0000E+00  0.0000E+00  0.11627761E-03 -0.79433258E-04  0.11627761E-03
 0.1000E+08  0.3067E-03 -0.8300E-03  0.3067E-03  0.0000E+00  0.0000E+00  0.0000E+00  0.13331422E-03 -0.89469780E-04  0.13331422E-03
 0.1000E+09  0.3382E-03 -0.9014E-03  0.3382E-03  0.0000E+00  0.0000E+00  0.0000E+00  0.14990122E-03 -0.98991754E-04  0.14990122E-03
 0.1000E+10  0.3703E-03 -0.9701E-03  0.3703E-03  0.0000E+00  0.0000E+00  0.0000E+00  0.16669719E-03 -0.10841936E-03  0.16669719E-03
 0.1000E+11  0.4058E-03 -0.1043E-02  0.4058E-03  0.0000E+00  0.0000E+00  0.0000E+00  0.18515766E-03 -0.11860045E-03  0.18515766E-03
 0.1000E+12  0.4498E-03 -0.1129E-02  0.4498E-03  0.0000E+00  0.0000E+00  0.0000E+00  0.20798692E-03 -0.13100720E-03  0.20798692E-03
 0.1000E+13  0.5165E-03 -0.1258E-02  0.5165E-03  0.0000E+00  0.0000E+00  0.0000E+00  0.24303288E-03 -0.14990617E-03  0.24303288E-03
 0.1000E+14  0.6203E-03 -0.1457E-02  0.6203E-03  0.0000E+00  0.0000E+00  0.0000E+00  0.29972579E-03 -0.18039636E-03  0.29972579E-03
 0.1000E+15  0.7969E-03 -0.1797E-02  0.7969E-03  0.0000E+00  0.0000E+00  0.0000E+00  0.40130226E-03 -0.23500188E-03  0.40130226E-03
 0.1000E+16  0.1142E-02 -0.2467E-02  0.1142E-02  0.0000E+00  0.0000E+00  0.0000E+00  0.61231363E-03 -0.34852612E-03  0.61231363E-03
 0.1000E+17  0.1784E-02 -0.3731E-02  0.1784E-02  0.0000E+00  0.0000E+00  0.0000E+00  0.10242320E-02 -0.57007321E-03  0.10242320E-02
 0.1000E+18  0.2944E-02 -0.6039E-02  0.2944E-02  0.0000E+00  0.0000E+00  0.0000E+00  0.17806637E-02 -0.97538722E-03  0.17806637E-02
 0.1000E+19  0.4985E-02 -0.1012E-01  0.4985E-02  0.0000E+00  0.0000E+00  0.0000E+00  0.31131580E-02 -0.16833494E-02  0.31131580E-02
 0.1000E+20  0.6902E-02 -0.1395E-01  0.6902E-02  0.0000E+00  0.0000E+00  0.0000E+00  0.43740996E-02 -0.23460325E-02  0.43740996E-02
 0.1000E+21  0.7725E-02 -0.1559E-01  0.7725E-02  0.0000E+00  0.0000E+00  0.0000E+00  0.49174488E-02 -0.26294232E-02  0.49174488E-02
